700
3268
3470
3536
3799
4249
4405
5385
6223
6885
7657
8178
9277
9413
9529
9824
9883
10553
10674
10814
11023
11536
11544
12112
12270
12656
12704
12899
13184
13458
13630
13810
13946
14309
14680
14923
15580
15841
16230
16850
17000
17194
17307
17606
18126
18175
18207
18237
18251
18420
18438
18486
18852
18909
20193
21264
21304
21360
21454
22480
22948
23137
23140
23352
23547
23572
23624
24724
24769
24956
25002
25220
25310
25387
25742
26025
26128
27177
27714
29048
29142
29299
29405
29815
29825
30155
30593
30867
30926
31283
31750
31754
31940
31999
32155
32593
33357
33668
34157
34159
34167
34315
34876
35061
35730
36510
36650
37396
37441
37795
38143
38752
39714
39757
39911
40289
40393
40832
41941
42198
43021
43661
43688
45067
45076
45093
45616
46409
46495
46890
47699
47723
49111
49411
49894
50132
51159
51571
52022
52431
52468
52904
54804
54924
54984
55106
55343
55365
55763
56076
56182
56413
57012
57544
57896
58098
58219
58318
58596
58769
58847
58861
58988
59321
59438
60342
60439
60857
61270
61966
62145
62678
64581
64987
65221
65239
65549
65632
65670
65700
65767
66276
66432
67036
67054
67181
67281
68456
69416
69663
69755
70542
70761
71840
72200
72714
72849
73407
73874
74111
74784
74812
74851
75615
75719
76616
77168
77182
77463
77474
78113
78660
78673
79092
79143
79169
80599
80645
81179
81789
81836
82025
82045
82224
82359
82761
83121
83178
83654
83763
83893
83957
84791
84829
85167
86540
87103
88408
88705
88761
88897
89359
89480
89534
89583
89951
90077
90646
90704
91453
91710
92109
92311
92343
93101
93323
93475
93547
93637
93673
94629
94690
94716
94891
95023
95244
96231
96257
96389
96454
96559
