#RunNum   EventNum    x(mm)    y(mm)    z(mm)
2384 23 -0.970895 -21.0792 -1.58801
2384 97 0.105152 -21.0912 -1.32267
2384 167 -0.0192339 -19.9731 -1.42105
2384 187 -0.58067 -20.537 -1.46896
2384 221 0.274308 -20.1344 -1.58828
2384 224 -0.195701 -20.1617 -1.50104
2384 331 0.00870477 -20.7642 -1.60724
2384 471 0.0305484 -20.1229 -1.45909
2384 473 -0.69324 -20.4585 -1.38676
2384 498 -0.0447715 -20.529 -1.37326
2384 577 -0.328442 -20.466 -1.44951
2384 622 0.0500061 -20.2421 -1.46405
2384 630 -0.0737828 -20.6283 -1.20298
2384 699 0.370552 -20.0829 -1.51244
2384 700 0.240167 -20.6267 -1.61246
2384 925 0.912521 -20.7462 -1.48945
2384 990 0.000891311 -20.2976 -1.56665
2384 1042 -0.888087 -20.8492 -1.41033
2384 1043 -0.385953 -20.5101 -1.55214
2384 1291 0.223136 -20.7274 -1.53039
2384 1367 -0.173292 -20.1461 -1.4273
2384 1402 0.214406 -20.9241 -1.3775
2384 1409 -0.667165 -20.0562 -1.86801
2384 1488 -0.514747 -20.5462 -1.49836
2384 1598 -0.0968835 -20.5316 -1.53607
2384 1734 -0.525931 -20.8657 -1.46922
2384 1780 -0.308164 -20.4735 -1.50522
2384 1837 -0.17158 -20.601 -1.39843
2384 1863 -0.184831 -20.2417 -1.61423
2384 1868 0.318383 -20.246 -1.54086
2384 1912 -0.279412 -20.7545 -1.49544
2384 1916 0.00868515 -20.7402 -1.60378
2384 1935 -0.0468501 -20.6332 -1.59486
2384 2050 -0.574541 -20.3524 -1.34779
2384 2144 -0.953381 -21.4177 -1.46585
2384 2188 -0.398531 -21.0155 -1.44511
2384 2310 -0.591573 -20.4449 -1.4428
2384 2405 -0.390576 -20.3152 -1.52001
2384 2434 -0.563755 -20.4171 -1.49445
2384 2438 -0.0616792 -20.5766 -1.44417
2384 2495 0.35514 -20.2126 -1.54201
2384 2625 0.118675 -20.712 -1.49686
2384 2676 0.0363455 -20.7198 -1.44498
2384 2690 -0.167039 -20.6171 -1.64447
2384 2706 -0.0708773 -20.6792 -1.42734
2384 2754 -0.171351 -20.5907 -1.59943
2384 2816 -0.707536 -20.114 -1.65746
2384 2835 -0.426011 -20.3467 -1.61951
2384 2839 -0.257791 -20.0442 -1.45483
2384 2863 -0.242013 -20.6071 -1.43889
2384 2984 -0.0603058 -20.3597 -1.54184
2384 3087 -0.451172 -20.4609 -1.37072
2384 3167 -0.0662529 -21.1696 -1.45644
2384 3240 -0.20446 -20.8441 -1.49597
2384 3264 -0.109529 -20.3037 -1.55532
2384 3268 -0.310674 -20.7222 -1.4689
2384 3289 -0.660917 -20.9152 -1.53799
2384 3377 -0.224018 -20.372 -1.53357
2384 3394 -0.224441 -20.2877 -1.40496
2384 3470 -0.443479 -20.558 -1.4444
2384 3486 0.0466376 -21.4372 -1.27479
2384 3536 -0.124131 -20.3678 -1.49932
2384 3554 -0.188901 -20.5742 -1.50852
2384 3608 -0.043793 -20.0406 -1.49041
2384 3762 -0.203228 -20.9593 -1.56673
2384 3798 0.138584 -20.6628 -1.49162
2384 3799 -0.398767 -20.3245 -1.51433
2384 3819 0.865109 -20.4616 -1.4544
2384 3873 -0.134366 -20.7601 -1.44068
2384 3887 0.770849 -20.9905 -1.61226
2384 3917 0.192646 -20.6952 -1.46349
2384 4116 0.119345 -20.9375 -1.36545
2384 4129 0.122849 -19.9233 -1.27394
2384 4178 -0.432629 -21.0894 -1.41719
2384 4183 -0.631307 -20.5427 -1.50374
2384 4185 -1.22832 -20.007 -1.50465
2384 4249 -0.282064 -20.8176 -1.6414
2384 4285 -0.274796 -20.0451 -1.36505
2384 4292 -0.380897 -19.8986 -1.54802
2384 4295 0.0980831 -20.436 -1.43302
2384 4330 -0.257281 -20.4071 -1.45365
2384 4335 -0.238986 -20.417 -1.39776
2384 4352 -0.404863 -20.6239 -1.47673
2384 4376 -0.495152 -21.0155 -1.48571
2384 4405 -0.310474 -20.2176 -1.5364
2384 4423 0.359068 -20.603 -1.5248
2384 4471 0.0320726 -20.1829 -1.55459
2384 4505 0.254795 -19.7102 -1.48693
2384 4525 -0.238443 -21.1612 -1.38473
2384 4625 -0.448333 -21.0372 -1.47561
2384 4646 0.0425844 -20.8016 -1.76318
2384 4656 0.101758 -20.5164 -1.30985
2384 4785 0.106013 -20.5977 -1.51281
2384 4805 -0.637724 -20.0059 -1.41786
2384 4913 -0.359434 -20.0759 -1.24328
2384 4966 0.0362611 -20.2465 -1.48832
2384 5006 -0.49095 -20.2769 -1.53978
2384 5074 -0.342102 -20.4873 -1.46235
2384 5088 -0.39775 -20.7501 -1.60274
2384 5181 0.15282 -20.341 -1.41998
2384 5265 0.324618 -20.3964 -1.63722
2384 5310 -0.253324 -20.8312 -1.50726
2384 5385 -0.433114 -20.6841 -1.6227
2384 5391 -0.340187 -20.9929 -1.54992
2384 5424 -0.339991 -20.9517 -1.51906
2384 5468 0.132206 -20.3514 -1.61995
2384 5515 0.0426983 -20.3295 -1.4469
2384 5527 -0.139149 -19.8124 -1.49505
2384 5536 -0.321397 -21.9574 -1.45447
2384 5537 -0.562475 -20.1174 -1.44467
2384 5596 -0.04894 -21.0445 -1.35947
2384 5663 0.00386325 -20.0879 -1.65637
2384 5683 -0.717164 -20.6253 -1.60594
2384 5745 -0.669356 -21.2868 -1.61238
2384 5779 -0.0667094 -21.1487 -1.50193
2384 5823 -0.111724 -20.5188 -1.47743
2384 5901 -0.0695986 -20.579 -1.36021
2384 5943 -0.484861 -20.2238 -1.63964
2384 6000 -0.216867 -21.406 -1.48697
2384 6056 -0.251924 -20.3203 -1.52366
2384 6058 -0.718326 -20.3446 -1.67322
2384 6078 -0.831905 -20.6785 -1.55022
2384 6097 -0.442524 -20.8483 -1.31121
2384 6133 -0.116004 -21.3032 -1.46317
2384 6223 -0.500799 -20.7165 -1.68758
2384 6261 -0.482685 -20.5761 -1.47092
2384 6362 -0.125599 -20.6012 -1.50799
2384 6368 -0.487221 -20.1282 -1.4669
2384 6486 -0.349983 -21.1569 -1.51315
2384 6528 -0.0776413 -20.4624 -1.43722
2384 6546 -0.363822 -21.0703 -1.51416
2384 6665 -0.149218 -20.4129 -1.35186
2384 6693 -0.0624116 -20.3889 -1.50142
2384 6719 0.144507 -20.5181 -1.53759
2384 6721 -0.0947222 -20.0616 -1.55347
2384 6729 0.367848 -20.7545 -1.59207
2384 6764 -0.728628 -20.4604 -1.55768
2384 6828 -0.371019 -20.7865 -1.50297
2384 6863 -0.670069 -20.5344 -1.41016
2384 6885 -0.58203 -20.3674 -1.48328
2384 6946 -0.16496 -20.36 -1.59318
2384 6969 -0.0271899 -21.0523 -1.714
2384 6988 -0.243717 -20.694 -1.50084
2384 6995 0.142177 -20.511 -1.47462
2384 7049 -0.501484 -20.2872 -1.61029
2384 7054 -0.0215214 -20.5778 -1.4383
2384 7064 -0.295709 -21.6043 -1.46914
2384 7099 -0.294806 -20.2313 -1.47465
2384 7139 -0.385521 -20.7812 -1.57978
2384 7192 -0.393985 -20.5032 -1.65784
2384 7224 -0.0318665 -20.4012 -1.4757
2384 7227 -0.288036 -20.3527 -1.38751
2384 7283 -0.530597 -20.6531 -1.42776
2384 7300 -0.513549 -20.6325 -1.57395
2384 7326 0.947888 -20.7366 -1.43079
2384 7342 -0.448633 -20.7693 -1.47113
2384 7359 -0.52704 -20.0468 -1.83559
2384 7481 -0.171929 -20.4266 -1.59591
2384 7516 -0.23354 -20.8285 -1.59931
2384 7623 -0.139138 -20.6556 -1.42628
2384 7657 -0.332961 -20.3845 -1.75252
2384 7698 -0.774575 -20.7374 -1.30269
2384 7729 -0.159678 -20.9063 -1.45958
2384 7785 0.0141969 -20.1764 -1.19002
2384 7851 -0.216174 -20.0721 -1.49425
2384 7858 -0.32855 -20.3502 -1.57736
2384 8041 -0.299529 -20.6917 -1.49843
2384 8043 0.48923 -20.3241 -1.48702
2384 8047 0.575884 -20.7159 -1.44055
2384 8084 -0.159065 -20.3271 -1.33556
2384 8178 -0.00100656 -20.1176 -1.60993
2384 8235 -0.294208 -20.0967 -1.57853
2384 8306 -0.493836 -21.6832 -1.68113
2384 8346 0.271907 -20.7606 -1.552
2384 8367 0.0677908 -20.4766 -1.42606
2384 8428 -0.704734 -20.4609 -1.47429
2384 8468 -0.483517 -20.2197 -1.26136
2384 8527 -0.209708 -20.323 -1.21851
2384 8528 0.108861 -19.8064 -1.45618
2384 8555 -0.286808 -20.2302 -1.54265
2384 8655 -0.148488 -20.2585 -1.54213
2384 8661 -0.35609 -20.2039 -1.63597
2384 8735 -0.197407 -20.8901 -1.42897
2384 8774 -0.344115 -20.5469 -1.42495
2384 8840 0.222555 -20.3125 -1.46292
2384 8857 -0.661042 -20.2683 -1.40294
2384 8863 -0.836336 -20.6986 -1.48014
2384 9094 -0.593889 -21.1027 -1.43244
2384 9116 0.748754 -20.7622 -1.47445
2384 9199 -0.257938 -20.6609 -1.53334
2384 9216 -0.132481 -20.4481 -1.5195
2384 9236 -0.38926 -20.6515 -1.61809
2384 9272 -0.0537863 -20.3268 -1.51121
2384 9276 0.288958 -20.4324 -1.68713
2384 9277 -0.320288 -20.5328 -1.59548
2384 9307 -0.390305 -20.8073 -1.75322
2384 9395 -0.811241 -20.8638 -1.64719
2384 9413 0.195051 -20.8406 -1.55158
2384 9524 -0.531596 -20.5139 -1.35455
2384 9529 -0.221398 -20.1941 -1.45849
2384 9553 0.120334 -20.3744 -1.60071
2384 9565 0.12733 -20.9079 -1.39557
2384 9641 -0.631171 -19.8882 -1.63159
2384 9708 -0.48791 -19.6885 -1.66781
2384 9769 -0.204842 -20.5122 -1.707
2384 9789 0.190678 -20.0798 -1.41714
2384 9814 -0.0733138 -20.2609 -1.34218
2384 9824 -0.304957 -20.1685 -1.39102
2384 9872 -0.121913 -20.7677 -1.62276
2384 9883 0.184865 -20.6834 -1.5586
2384 9923 -0.310982 -20.0792 -1.51391
2384 9955 -0.622503 -19.867 -1.64725
2384 10017 0.163834 -20.5916 -1.42667
2384 10038 -0.453226 -21.2037 -1.42953
2384 10058 -0.227446 -20.8571 -1.44432
2384 10146 -0.254492 -21.0606 -1.40651
2384 10202 -0.0441387 -20.3689 -1.37556
2384 10356 0.473848 -20.2106 -1.50576
2384 10409 -0.0962784 -19.5765 -1.53007
2384 10467 -0.588918 -20.4511 -1.55304
2384 10469 -0.0367463 -20.7939 -1.48024
2384 10539 -0.237355 -20.5756 -1.53536
2384 10553 0.564271 -20.2822 -1.46234
2384 10576 -0.022611 -20.5369 -1.48857
2384 10674 0.0261439 -20.4942 -1.48365
2384 10680 -0.256932 -20.4835 -1.45132
2384 10769 0.317423 -20.9907 -1.60754
2384 10810 0.475006 -20.418 -1.64435
2384 10814 -0.548989 -20.3557 -1.48503
2384 10837 -0.317349 -20.0512 -1.40996
2384 10867 0.466342 -20.7454 -1.45579
2384 10950 -0.243036 -20.5678 -1.57755
2384 10993 0.435571 -20.513 -1.55705
2384 11003 1.00989 -20.7495 -1.52299
2384 11023 -0.446573 -20.8146 -1.44935
2384 11126 0.249983 -20.74 -1.44553
2384 11152 -0.332824 -19.885 -1.49782
2384 11171 0.0797722 -19.9697 -1.62009
2384 11222 -0.488027 -20.6937 -1.47552
2384 11278 0.342781 -20.6423 -1.34538
2384 11294 0.188511 -20.673 -1.41979
2384 11326 -0.595354 -20.7341 -1.39814
2384 11386 -0.338304 -20.543 -1.4211
2384 11471 -0.291727 -20.9918 -1.46831
2384 11490 -0.173632 -20.9506 -1.55791
2384 11502 -0.438147 -19.9405 -1.48844
2384 11536 0.25455 -21.1761 -1.44082
2384 11544 0.00102389 -20.7477 -1.55986
2384 11571 -0.58783 -20.7106 -1.64
2384 11611 -0.0651086 -20.6765 -1.43904
2384 11659 0.0742907 -20.6539 -1.40573
2384 11678 -0.535945 -20.5754 -1.57334
2384 11730 -0.112481 -20.5232 -1.41376
2384 11738 0.272459 -21.2789 -1.57851
2384 11787 -0.171134 -20.8034 -1.64373
2384 11830 0.239882 -20.1341 -1.5216
2384 11925 -0.246697 -20.3499 -1.48829
2384 11932 -0.108223 -20.6604 -1.55771
2384 12000 -0.0351236 -20.6399 -1.52286
2384 12112 0.337935 -20.3836 -1.38891
2384 12138 -0.0272159 -20.6395 -1.48442
2384 12184 -0.432158 -20.9805 -1.44687
2384 12270 -0.768602 -20.8011 -1.47876
2384 12450 0.00576526 -20.624 -1.44395
2384 12453 -0.131926 -20.6459 -1.59995
2384 12467 -0.0747239 -20.7175 -1.3856
2384 12503 0.230123 -20.8557 -1.52979
2384 12505 -0.716377 -21.2256 -1.4458
2384 12609 -0.0649001 -20.5984 -1.54618
2384 12656 -0.139986 -20.2576 -1.52622
2384 12675 0.168291 -20.8686 -1.37168
2384 12697 -0.397733 -21.0719 -1.50672
2384 12704 0.0100374 -20.5681 -1.36029
2384 12794 -0.58653 -20.8785 -1.49081
2384 12812 0.393031 -19.6055 -1.50678
2384 12829 -0.581222 -20.05 -1.51667
2384 12851 -0.800396 -20.2664 -1.30988
2384 12884 -0.263192 -20.7626 -1.48804
2384 12899 0.842102 -20.5764 -1.44974
2384 12948 -0.323946 -20.8388 -1.40583
2384 12986 -0.109946 -20.4221 -1.46759
2384 13016 0.322 -20.4471 -1.50283
2384 13098 -0.304391 -20.339 -1.49014
2384 13101 -0.0309707 -20.3901 -1.46678
2384 13108 -0.83855 -20.8837 -1.51333
2384 13114 0.340927 -20.4538 -1.55537
2384 13170 -0.732334 -20.4233 -1.50084
2384 13184 -0.0957729 -20.1473 -1.59119
2384 13247 -0.0269267 -19.9562 -1.35251
2384 13297 -0.0577903 -20.0651 -1.71905
2384 13308 0.616146 -20.8274 -1.3851
2384 13358 0.0548117 -20.4302 -1.36917
2384 13389 -0.385422 -19.8376 -1.33994
2384 13436 -0.351934 -20.1222 -1.4822
2384 13458 -0.584912 -21.0438 -1.44597
2384 13475 -0.555583 -20.8094 -1.50511
2384 13536 -0.288654 -20.4675 -1.43585
2384 13543 -0.303613 -20.2167 -1.52696
2384 13552 -0.226922 -20.8928 -1.61345
2384 13630 -0.260794 -20.1102 -1.48996
2384 13645 -0.559678 -20.6586 -1.60092
2384 13781 -0.179785 -21.4416 -1.58418
2384 13810 0.519684 -20.7499 -1.44034
2384 13826 -0.757689 -20.242 -1.60289
2384 13848 0.0702445 -20.6631 -1.51885
2384 13853 -0.0702017 -20.4598 -1.50169
2384 13924 -0.16677 -20.4012 -1.6825
2384 13946 0.240057 -20.587 -1.61088
2384 13999 0.305167 -20.4118 -1.42065
2384 14070 -0.40295 -20.7545 -1.43012
2384 14089 -0.372692 -20.6111 -1.4789
2384 14090 0.277144 -20.6842 -1.5017
2384 14152 -0.148921 -20.5163 -1.55254
2384 14218 -0.124736 -20.142 -1.54607
2384 14221 0.530212 -20.0458 -1.37741
2384 14228 0.140378 -20.7738 -1.51674
2384 14230 -0.216334 -21.2512 -1.50622
2384 14295 -0.404757 -20.2391 -1.6487
2384 14309 -0.549467 -20.2488 -1.56276
2384 14329 -0.896716 -21.4084 -1.40731
2384 14342 -0.018907 -20.8394 -1.46526
2384 14383 0.110413 -20.9968 -1.42083
2384 14385 -0.549123 -20.9534 -1.5739
2384 14396 0.0492972 -20.6134 -1.57804
2384 14443 -0.197263 -20.894 -1.5319
2384 14492 0.16198 -20.3353 -1.52382
2384 14607 -0.197618 -19.8055 -1.42173
2384 14649 -0.123273 -21.0205 -1.50029
2384 14680 -0.74458 -20.6021 -1.51164
2384 14681 0.189254 -20.2501 -1.57428
2384 14820 -0.0309545 -20.292 -1.37715
2384 14822 -0.00597586 -20.4253 -1.54005
2384 14867 -0.496409 -20.6764 -1.53063
2384 14892 -0.497585 -20.9346 -1.30594
2384 14923 -0.410627 -20.4209 -1.55418
2384 14942 -0.195212 -20.4696 -1.63991
2384 15018 -0.505366 -20.1929 -1.42291
2384 15026 -0.145297 -20.5236 -1.47725
2384 15139 -0.498745 -20.3781 -1.76159
2384 15142 -0.282741 -20.3379 -1.49004
2384 15223 -0.727372 -22.0358 -1.35359
2384 15231 -0.694801 -21.0919 -1.50406
2384 15257 -0.454044 -20.462 -1.52959
2384 15300 -0.423927 -20.4067 -1.71204
2384 15311 -0.596985 -20.7839 -1.66487
2384 15334 -0.317812 -20.4972 -1.40166
2384 15359 -0.301298 -20.887 -1.49005
2384 15364 0.207065 -20.5052 -1.44876
2384 15404 -0.41255 -20.7415 -1.4841
2384 15441 0.328232 -20.9758 -1.38865
2384 15450 -0.305896 -20.4466 -1.57651
2384 15452 -0.788973 -20.9576 -1.58877
2384 15482 0.455482 -19.8099 -1.71099
2384 15536 -0.398685 -20.0134 -1.48889
2384 15580 0.121353 -20.3192 -1.59044
2384 15633 -0.446359 -20.4802 -1.36494
2384 15665 -0.711481 -20.8253 -1.64712
2384 15740 0.434816 -20.3162 -1.62563
2384 15829 -0.272001 -20.4732 -1.48443
2384 15841 -0.201116 -20.2617 -1.56555
2384 15895 -0.392322 -20.5449 -1.48202
2384 15961 -0.29765 -20.1479 -1.56076
2384 15969 -0.183575 -20.3528 -1.57496
2384 15970 -0.293725 -20.6606 -1.47105
2384 16036 -0.519727 -20.5275 -1.35409
2384 16060 -0.298009 -20.5212 -1.52868
2384 16078 0.0349212 -20.3657 -1.43413
2384 16080 -0.0902723 -20.5489 -1.70698
2384 16122 0.12709 -20.0793 -1.63582
2384 16210 -0.0985373 -21.0313 -1.55741
2384 16226 0.295179 -20.6997 -1.38245
2384 16230 -0.595291 -20.4964 -1.58299
2384 16244 -0.459194 -21.4807 -1.61682
2384 16260 -0.523942 -21.1636 -1.42799
2384 16307 -0.235029 -20.2524 -1.36802
2384 16367 0.27556 -20.94 -1.27958
2384 16409 -0.0407659 -20.6475 -1.37265
2384 16435 0.0582796 -20.0479 -1.62219
2384 16466 0.0162514 -20.2912 -1.50859
2384 16554 -0.131509 -20.256 -1.45228
2384 16583 -0.0946811 -20.4579 -1.39399
2384 16667 -0.757978 -20.6595 -1.35803
2384 16739 -0.320976 -19.7749 -1.37677
2384 16752 -0.742676 -21.2711 -1.55585
2384 16829 -0.611667 -21.0658 -1.48688
2384 16850 -0.271648 -20.7528 -1.54992
2384 16889 0.416534 -20.6907 -1.31195
2384 16954 0.270173 -20.8405 -1.4652
2384 17000 0.0873911 -20.4563 -1.53879
2384 17056 -0.054581 -20.8851 -1.48778
2384 17132 -0.400588 -20.9647 -1.57258
2384 17194 0.0559812 -19.1388 -1.40326
2384 17213 -0.804065 -20.4989 -1.61538
2384 17218 -0.0740394 -21.0716 -1.62844
2384 17235 0.761238 -20.0974 -1.47823
2384 17274 0.41828 -21.161 -1.7636
2384 17307 0.0424529 -19.9959 -1.41841
2384 17425 -0.660023 -19.8221 -1.59557
2384 17472 -0.338892 -20.3555 -1.60151
2384 17476 0.074113 -20.7381 -1.26521
2384 17495 0.0445056 -20.2027 -1.51414
2384 17511 -0.490818 -20.9569 -1.56216
2384 17562 0.0835928 -20.8525 -1.62046
2384 17596 -0.613752 -21.0568 -1.38777
2384 17606 -0.285931 -20.8706 -1.46702
2384 17686 0.198791 -20.5813 -1.48627
2384 17729 -0.0509895 -20.5198 -1.45578
2384 17776 -0.812112 -20.8419 -1.43415
2384 17800 -0.126478 -20.4286 -1.50791
2384 17916 -0.557948 -20.6054 -1.46305
2384 17993 -0.452795 -20.813 -1.46944
2384 18037 -0.487196 -20.3985 -1.54428
2384 18069 -0.254177 -20.5258 -1.61248
2384 18076 0.290103 -20.469 -1.51371
2384 18126 0.134008 -20.3777 -1.54769
2384 18154 0.363041 -20.9541 -1.57573
2384 18175 0.0701853 -20.838 -1.47582
2384 18206 -0.0901717 -20.7363 -1.67073
2384 18207 -0.326782 -20.3828 -1.473
2384 18221 -0.414007 -20.687 -1.47132
2384 18237 -0.311113 -20.6599 -1.62702
2384 18251 0.115795 -20.9342 -1.43391
2384 18420 0.652081 -20.3238 -1.39007
2384 18426 -0.180404 -20.0703 -1.74494
2384 18438 0.181339 -20.2341 -1.62356
2384 18482 -0.415902 -20.433 -1.47961
2384 18486 -0.141383 -20.5182 -1.39344
2384 18515 -0.399893 -20.2806 -1.51247
2384 18564 -0.50356 -19.8743 -1.60363
2384 18581 0.195257 -21.0744 -1.32105
2384 18630 -0.138898 -20.954 -1.26833
2384 18673 0.0444804 -20.4972 -1.57884
2384 18724 -0.109696 -20.6293 -1.52857
2384 18775 -0.489785 -20.3823 -1.48547
2384 18782 -0.125181 -20.258 -1.44522
2384 18799 -0.721114 -20.5046 -1.45877
2384 18852 -0.213394 -20.2817 -1.43159
2384 18880 -0.102573 -20.3992 -1.35197
2384 18894 0.03412 -19.8646 -1.51927
2384 18909 0.187646 -20.6365 -1.54101
2384 18911 -0.0402973 -20.9623 -1.48328
2384 18913 -0.255106 -20.3409 -1.44873
2384 18984 -0.0283916 -20.6672 -1.57514
2384 19083 0.23031 -21.1014 -1.45309
2384 19125 -0.395115 -20.5403 -1.50052
2384 19186 0.401117 -20.9317 -1.56974
2384 19200 0.0957768 -20.694 -1.37002
2384 19201 0.0158171 -20.6726 -1.50755
2384 19279 -0.0419117 -20.3659 -1.40348
2384 19348 -1.01081 -20.4918 -1.44298
2384 19350 -0.048688 -20.2332 -1.48678
2384 19403 -0.958508 -20.5455 -1.52474
2384 19501 -0.690586 -20.3703 -1.57564
2384 19710 -0.0723044 -21.0092 -1.72118
2384 19717 0.0213168 -20.3543 -1.45172
2384 19737 -0.152592 -20.8551 -1.36889
2384 19794 -0.128294 -20.59 -1.58593
2384 19869 0.0778846 -20.4754 -1.64345
2384 19944 -0.0651642 -20.5071 -1.55203
2384 20010 -0.196258 -20.6389 -1.31936
2384 20186 0.374539 -21.1824 -1.56415
2384 20193 -0.465032 -20.5186 -1.36216
2384 20222 -0.589683 -20.4474 -1.43075
2384 20265 0.0138629 -21.1596 -1.40087
2384 20351 0.204722 -20.5959 -1.72299
2384 20390 -0.414203 -20.5265 -1.40626
2384 20422 0.321225 -20.4107 -1.59234
2384 20435 -0.406618 -20.5265 -1.45801
2384 20520 0.405399 -20.7846 -1.62285
2384 20523 -0.92744 -20.6019 -1.47518
2384 20526 0.196209 -20.6133 -1.5011
2384 20559 -0.582193 -20.423 -1.4849
2384 20564 -0.323678 -20.8433 -1.62123
2384 20640 0.615013 -20.5265 -1.63998
2384 20649 -0.232115 -20.4603 -1.71756
2384 20765 -0.134593 -20.5565 -1.65599
2384 20799 -0.466628 -20.9088 -1.51052
2384 20842 0.0641079 -20.3624 -1.36314
2384 20855 0.10476 -20.4674 -1.61078
2384 20909 -0.224375 -19.7813 -1.32147
2384 20921 0.119729 -20.7105 -1.51412
2384 20925 0.539814 -20.2512 -1.61371
2384 20938 0.0880603 -20.3665 -1.34093
2384 21012 -0.253661 -20.4985 -1.32561
2384 21029 -0.572616 -21.0527 -1.61597
2384 21057 0.2483 -20.0872 -1.55754
2384 21061 -0.0113585 -20.7373 -1.47085
2384 21105 -0.452486 -19.8117 -1.55388
2384 21121 -0.224139 -21.2419 -1.57642
2384 21124 -0.098592 -20.0404 -1.40254
2384 21197 -0.296199 -19.6646 -1.35864
2384 21211 -0.094195 -20.2964 -1.37992
2384 21240 -0.602306 -20.114 -1.44997
2384 21264 -0.787202 -20.4404 -1.51451
2384 21304 -0.331015 -20.9471 -1.15475
2384 21310 0.034592 -21.0565 -1.58833
2384 21329 0.250684 -20.8941 -1.42317
2384 21360 0.105663 -21.0142 -1.50141
2384 21373 0.462251 -20.3312 -1.57351
2384 21416 0.468604 -20.1872 -1.59433
2384 21418 -0.616983 -20.8546 -1.40115
2384 21454 -0.0692407 -20.8744 -1.35733
2384 21476 0.559017 -20.5922 -1.4207
2384 21477 0.694401 -20.6727 -1.55273
2384 21497 0.385485 -20.2762 -1.51286
2384 21544 -0.188612 -20.2328 -1.47645
2384 21579 0.338956 -20.2644 -1.3472
2384 21640 -0.00863267 -20.3759 -1.49793
2384 21643 -0.893936 -19.9887 -1.44411
2384 21678 -0.448893 -20.7517 -1.49752
2384 21685 -0.301905 -20.7007 -1.54785
2384 21693 -0.67753 -20.6436 -1.41487
2384 21709 -0.193653 -20.675 -1.53927
2384 21782 0.0788362 -20.67 -1.52562
2384 21908 0.206108 -20.5161 -1.42773
2384 21935 0.616748 -20.584 -1.39502
2384 21943 0.0464743 -20.8969 -1.50019
2384 21997 -0.699188 -20.9926 -1.43172
2384 22020 -0.151415 -20.4916 -1.44645
2384 22143 -0.481472 -21.1881 -1.63557
2384 22208 -0.492315 -20.5581 -1.49733
2384 22251 0.126372 -20.3245 -1.40426
2384 22332 0.237388 -20.7654 -1.61725
2384 22374 -0.655242 -20.2891 -1.40054
2384 22393 -0.60475 -20.4415 -1.47405
2384 22403 -0.234821 -20.9789 -1.46864
2384 22441 -0.755376 -20.0861 -1.49243
2384 22480 -0.731057 -20.7034 -1.42445
2384 22549 -0.890067 -21.3236 -1.45966
2384 22564 -0.563798 -21.1894 -1.36448
2384 22576 0.29027 -20.5579 -1.52514
2384 22616 0.472465 -20.7677 -1.46801
2384 22801 0.194088 -21.1075 -1.51205
2384 22804 -0.549709 -20.0128 -1.51014
2384 22948 0.268991 -20.3386 -1.55744
2384 22949 -0.0908627 -20.3426 -1.69305
2384 22969 -0.512807 -19.9054 -1.49673
2384 22984 -0.37404 -20.8507 -1.36975
2384 23036 -0.0845974 -20.5128 -1.69616
2384 23115 -0.376158 -20.6127 -1.60993
2384 23137 0.176903 -20.6049 -1.42396
2384 23140 -0.16251 -20.9116 -1.48124
2384 23158 0.319669 -20.4122 -1.36637
2384 23249 -0.0260753 -20.6833 -1.46697
2384 23256 -0.350635 -20.8655 -1.55836
2384 23352 -0.163978 -21.3004 -1.5016
2384 23378 -0.219099 -20.7822 -1.54217
2384 23463 -0.0376706 -20.978 -1.61667
2384 23507 0.211728 -20.7984 -1.36673
2384 23547 -0.601488 -20.8743 -1.51979
2384 23572 -0.0292565 -20.7536 -1.28587
2384 23592 -0.0313431 -20.4921 -1.48272
2384 23624 -0.175599 -20.3696 -1.40085
2384 23655 -0.549694 -20.4492 -1.28589
2384 23740 -0.152739 -20.4394 -1.43788
2384 23741 0.520818 -20.708 -1.43662
2384 23783 -0.434613 -20.4418 -1.583
2384 23831 -1.09099 -21.2386 -1.72836
2384 23877 0.267468 -20.6894 -1.57958
2384 23891 -0.564361 -20.9259 -1.45837
2384 23924 0.325923 -20.9154 -1.40196
2384 23975 -0.254832 -20.5339 -1.55218
2384 24033 -0.23136 -20.6801 -1.55801
2384 24038 -0.226392 -20.8787 -1.47623
2384 24040 0.246635 -20.4823 -1.46846
2384 24077 0.261159 -20.5993 -1.4725
2384 24082 0.716813 -19.9538 -1.47892
2384 24270 -0.190872 -20.4873 -1.45851
2384 24346 0.00264227 -20.8791 -1.45206
2384 24423 -0.331021 -20.3756 -1.45614
2384 24432 0.207975 -20.2679 -1.52293
2384 24595 -0.641233 -20.3658 -1.54842
2384 24724 -0.584879 -21.0976 -1.317
2384 24769 -0.752552 -20.3727 -1.47335
2384 24814 0.0343503 -20.6886 -1.5438
2384 24855 -0.193385 -20.7983 -1.44987
2384 24859 -0.588718 -20.9177 -1.67626
2384 24872 -0.0386423 -20.8618 -1.39187
2384 24916 0.163341 -20.0743 -1.51991
2384 24956 0.670787 -20.0767 -1.48956
2384 24958 -0.179943 -20.5796 -1.45059
2384 25002 0.0354573 -21.2831 -1.54761
2384 25014 0.258277 -20.2411 -1.5073
2384 25055 -0.898034 -20.9118 -1.51667
2384 25098 0.174654 -20.545 -1.47428
2384 25115 0.306636 -20.6637 -1.47352
2384 25136 -0.283727 -21.1278 -1.43162
2384 25169 -0.0332357 -20.4787 -1.62641
2384 25176 0.0240928 -20.5828 -1.46555
2384 25220 0.147696 -20.0726 -1.48641
2384 25233 -0.425989 -20.7635 -1.6439
2384 25281 -0.78003 -20.0906 -1.53913
2384 25305 -0.321741 -19.2961 -1.47504
2384 25310 0.3246 -20.6331 -1.67503
2384 25351 -0.706238 -20.7729 -1.20998
2384 25387 0.437506 -20.2625 -1.52044
2384 25399 0.111777 -20.3235 -1.52509
2384 25437 -0.0279059 -20.6007 -1.56363
2384 25440 0.100111 -20.417 -1.42634
2384 25446 0.0449238 -20.4908 -1.45423
2384 25552 -0.349993 -20.745 -1.51183
2384 25714 -0.0757712 -20.7537 -1.52638
2384 25742 -0.0429726 -20.2364 -1.5891
2384 25753 0.336807 -19.8571 -1.46732
2384 25758 0.153388 -20.8464 -1.41211
2384 25789 0.107116 -21.1007 -1.43723
2384 25846 -0.457291 -20.1676 -1.34218
2384 26025 -0.264718 -20.2208 -1.59825
2384 26046 -0.371144 -20.1542 -1.48241
2384 26103 0.0453644 -20.8104 -1.44926
2384 26128 -0.325586 -20.4324 -1.50749
2384 26139 0.226528 -20.5861 -1.52288
2384 26160 -0.329959 -20.6446 -1.49693
2384 26161 -0.750718 -20.5449 -1.38919
2384 26274 0.07589 -20.7946 -1.57368
2384 26381 -0.0395155 -20.4259 -1.421
2384 26436 0.0496521 -20.4838 -1.48664
2384 26500 -0.478106 -20.4802 -1.42545
2384 26506 -0.0592678 -20.5524 -1.44015
2384 26510 -0.134863 -20.632 -1.58494
2384 26520 -0.0409668 -20.6294 -1.39752
2384 26563 -0.10916 -20.427 -1.53486
2384 26573 -0.35409 -21.1853 -1.54601
2384 26591 -0.745682 -19.9716 -1.46307
2384 26651 -0.326078 -20.789 -1.64683
2384 26906 0.310532 -20.58 -1.42107
2384 26918 -0.784163 -20.4669 -1.54711
2384 26919 -0.747414 -20.4265 -1.53519
2384 26924 -0.349173 -20.6791 -1.44506
2384 26965 0.158214 -19.8561 -1.50228
2384 27026 -0.542316 -20.2635 -1.56357
2384 27067 -0.123611 -20.6807 -1.51931
2384 27068 0.0523163 -20.3095 -1.49574
2384 27177 -0.221889 -20.9897 -1.45118
2384 27239 -0.509856 -20.2031 -1.43819
2384 27280 0.204673 -20.2068 -1.29722
2384 27296 0.0795809 -20.647 -1.53467
2384 27344 -0.502548 -20.7067 -1.31793
2384 27373 -0.305955 -21.1291 -1.48903
2384 27374 -0.94898 -20.5666 -1.50105
2384 27375 -0.195462 -20.3467 -1.52243
2384 27383 0.27396 -20.6964 -1.41516
2384 27387 -0.475578 -21.1491 -1.48119
2384 27400 0.161889 -20.8416 -1.40049
2384 27405 -0.0695738 -20.5054 -1.63579
2384 27420 0.156144 -20.8073 -1.51583
2384 27423 0.0121854 -20.4095 -1.49487
2384 27563 -0.450561 -19.9944 -1.36149
2384 27667 -0.538216 -20.472 -1.5937
2384 27714 -0.611409 -20.4279 -1.52012
2384 27729 -0.571159 -20.0864 -1.49741
2384 27733 -0.673091 -20.4286 -1.66355
2384 27863 -0.0602218 -20.688 -1.42282
2384 27924 -0.608942 -20.0424 -1.55172
2384 27928 0.134208 -20.4437 -1.5453
2384 27934 -0.261805 -20.751 -1.35956
2384 27937 -0.243564 -20.4235 -1.70155
2384 27956 0.530576 -20.7158 -1.43062
2384 28097 -0.098053 -20.8477 -1.27843
2384 28290 -0.774117 -19.9501 -1.48672
2384 28312 -0.89489 -20.3776 -1.53417
2384 28364 0.0622988 -21.095 -1.48485
2384 28367 -0.157868 -20.7115 -1.45703
2384 28380 0.122061 -20.4013 -1.33164
2384 28443 -0.220799 -20.6128 -1.50602
2384 28478 0.27323 -20.5921 -1.43485
2384 28646 -0.181473 -20.2466 -1.51663
2384 28667 -0.0458295 -20.2299 -1.67564
2384 28692 -0.197412 -20.455 -1.58496
2384 28708 -0.727637 -20.093 -1.44193
2384 28711 -0.300665 -20.3081 -1.4832
2384 28804 -0.181742 -21.2123 -1.83441
2384 28811 -0.625724 -20.9811 -1.44208
2384 28953 -0.0457247 -21.1892 -1.42047
2384 29048 -0.284601 -20.4003 -1.37831
2384 29087 -0.186451 -20.8081 -1.59897
2384 29111 -0.156498 -20.6011 -1.67144
2384 29137 -0.696375 -20.8305 -1.48392
2384 29142 -0.1896 -20.6375 -1.55479
2384 29182 -0.120078 -20.5565 -1.65664
2384 29268 -0.429174 -20.8494 -1.47745
2384 29279 -0.000936395 -20.4428 -1.4028
2384 29297 0.111958 -20.9697 -1.37831
2384 29299 -0.0828647 -20.0368 -1.49125
2384 29304 -0.0571921 -20.3721 -1.52587
2384 29360 0.535943 -20.4228 -1.40743
2384 29405 -0.400164 -20.3029 -1.60179
2384 29482 0.350885 -20.4308 -1.63609
2384 29506 -0.493848 -19.9968 -1.41457
2384 29564 0.05859 -20.5012 -1.7244
2384 29567 -0.667004 -20.6077 -1.44661
2384 29587 -0.0669612 -20.602 -1.38526
2384 29758 -0.374709 -20.1802 -1.47992
2384 29815 -0.415126 -20.2878 -1.64038
2384 29819 -0.509775 -20.7993 -1.56685
2384 29821 -0.00549184 -20.5561 -1.58905
2384 29825 0.206661 -20.2615 -1.61832
2384 29834 0.352112 -20.7853 -1.47754
2384 29869 -0.177633 -20.441 -1.3939
2384 29872 -0.0901549 -20.5547 -1.39887
2384 29877 -0.382543 -19.8919 -1.37421
2384 29991 -0.0255136 -20.5539 -1.47816
2384 30055 -0.465881 -21.2598 -1.46818
2384 30109 -0.736245 -19.7745 -1.7014
2384 30155 0.15088 -20.4281 -1.36567
2384 30207 -0.11459 -20.677 -1.67476
2384 30210 -0.163425 -20.702 -1.62022
2384 30294 -0.291665 -20.7701 -1.3197
2384 30436 -0.376304 -20.2879 -1.57605
2384 30447 -0.278394 -20.3897 -1.62547
2384 30498 -0.0888243 -21.2984 -1.39205
2384 30519 0.0790024 -20.5955 -1.49605
2384 30526 -0.32021 -20.2987 -1.51447
2384 30593 -0.524166 -20.5213 -1.33128
2384 30775 -0.0226126 -20.189 -1.74324
2384 30844 0.559162 -20.8107 -1.47239
2384 30867 0.17548 -19.8019 -1.39378
2384 30926 -0.151953 -20.0833 -1.57809
2384 31097 -0.724982 -20.4686 -1.45748
2384 31125 0.137332 -20.5441 -1.51755
2384 31152 -0.0370149 -20.704 -1.39866
2384 31217 -0.144584 -20.7944 -1.67395
2384 31271 0.140514 -20.2952 -1.48868
2384 31283 0.0886149 -20.9989 -1.50204
2384 31407 0.179603 -20.2152 -1.5517
2384 31464 -0.0391442 -20.6873 -1.53198
2384 31613 0.243308 -20.4812 -1.36636
2384 31655 -0.0919238 -20.6142 -1.69027
2384 31666 -0.178235 -20.9314 -1.54742
2384 31729 0.355404 -20.1574 -1.45325
2384 31750 -0.0721809 -20.5498 -1.53136
2384 31754 -0.16238 -20.6178 -1.4397
2384 31777 0.698386 -20.0082 -1.42722
2384 31866 0.189439 -20.6821 -1.41892
2384 31869 -0.379343 -20.5344 -1.34661
2384 31937 0.287167 -20.7674 -1.4239
2384 31940 -0.357576 -21.0266 -1.38692
2384 31949 0.404552 -20.3871 -1.56459
2384 31999 -0.500477 -20.8559 -1.69825
2384 32025 0.2151 -20.4438 -1.39053
2384 32031 -0.0896749 -20.6179 -1.4321
2384 32037 -0.285685 -20.2354 -1.6258
2384 32051 -0.19791 -19.9536 -1.68401
2384 32133 -0.289792 -20.8349 -1.43757
2384 32155 0.130589 -20.3211 -1.57068
2384 32287 -0.0406694 -20.4834 -1.5394
2384 32308 -0.157828 -20.2275 -1.66267
2384 32311 -1.24662 -21.6699 -1.62035
2384 32343 0.211715 -20.6364 -1.54571
2384 32363 0.243771 -20.7358 -1.53092
2384 32415 0.206342 -20.1163 -1.54586
2384 32487 0.034928 -21.0177 -1.60142
2384 32543 -0.465879 -20.5872 -1.55133
2384 32593 0.52194 -21.1723 -1.48444
2384 32759 -0.0732568 -20.569 -1.43859
2384 32801 0.173896 -20.3505 -1.3369
2384 32862 -0.202577 -20.6072 -1.67529
2384 32886 0.222489 -20.0482 -1.41141
2384 32919 0.00865331 -20.764 -1.57538
2384 32988 -0.057837 -21.2193 -1.45503
2384 32993 0.189712 -21.1074 -1.48885
2384 33022 -0.241895 -19.979 -1.43436
2384 33039 0.0111755 -20.157 -1.54769
2384 33172 -0.0591028 -20.0907 -1.54546
2384 33240 0.129908 -20.4995 -1.59305
2384 33247 -0.598364 -20.2942 -1.55738
2384 33279 0.393644 -20.9211 -1.4131
2384 33357 -0.304207 -20.9731 -1.40305
2384 33419 -0.393804 -21.5641 -1.52594
2384 33515 -0.114864 -21.1541 -1.70019
2384 33557 -0.935223 -20.8541 -1.40862
2384 33566 -0.0207424 -20.386 -1.57482
2384 33582 -0.39838 -21.0109 -1.42559
2384 33584 0.178546 -20.201 -1.30748
2384 33592 -0.105641 -20.7892 -1.59467
2384 33597 -0.634046 -20.7673 -1.51304
2384 33603 -0.323162 -20.8371 -1.52504
2384 33625 0.117629 -20.0567 -1.39689
2384 33642 -0.580756 -20.6826 -1.48257
2384 33668 -0.221827 -20.6498 -1.53188
2384 33698 0.566628 -20.4588 -1.66417
2384 33710 -0.482299 -20.8351 -1.24631
2384 33757 -0.0102599 -20.3978 -1.50852
2384 33820 -0.421792 -20.7319 -1.48316
2384 33853 -0.640656 -20.5453 -1.51711
2384 33876 -0.236143 -20.2631 -1.30969
2384 33890 -0.467383 -20.785 -1.63577
2384 33919 -0.105951 -20.2086 -1.53805
2384 33924 0.192184 -21.0477 -1.59956
2384 33961 0.187094 -20.1958 -1.44899
2384 34023 -0.102244 -20.1459 -1.59141
2384 34029 -0.594626 -19.744 -1.42593
2384 34063 -0.479403 -20.3166 -1.65915
2384 34101 -0.0920957 -20.5704 -1.40689
2384 34157 -0.510656 -20.9401 -1.56481
2384 34159 0.1678 -20.7917 -1.42654
2384 34167 -0.0384744 -20.1914 -1.60838
2384 34315 -0.0733889 -21.444 -1.3897
2384 34337 -0.189942 -21.0189 -1.48116
2384 34352 -0.208103 -20.9176 -1.54665
2384 34361 -0.556107 -20.9136 -1.52012
2384 34458 -0.320598 -20.5455 -1.54263
2384 34460 -0.186942 -20.4608 -1.61846
2384 34521 0.0851154 -20.56 -1.46515
2384 34534 -0.647585 -20.7243 -1.41148
2384 34564 -0.117188 -20.2131 -1.53419
2384 34566 -0.019936 -20.5536 -1.48914
2384 34567 -0.308304 -20.6581 -1.59937
2384 34578 -0.153059 -20.8003 -1.52647
2384 34593 -0.568184 -20.6356 -1.5524
2384 34599 0.0813594 -20.7467 -1.48828
2384 34657 0.517623 -20.1302 -1.63479
2384 34694 -0.232542 -20.3563 -1.65634
2384 34764 0.00913099 -20.8168 -1.50047
2384 34782 -0.616626 -20.4939 -1.41022
2384 34850 -0.381183 -21.3581 -1.49104
2384 34876 -0.163565 -21.1246 -1.33029
2384 34896 -0.150889 -20.5851 -1.44421
2384 34910 -1.0235 -20.8505 -1.35541
2384 34961 0.561256 -21.4238 -1.57254
2384 34996 -0.343187 -20.6881 -1.63351
2384 35007 -0.306153 -21.1272 -1.54601
2384 35012 0.248491 -20.3878 -1.57763
2384 35019 -0.350774 -20.3505 -1.59389
2384 35023 -0.467298 -21.1586 -1.5153
2384 35033 0.293858 -20.8813 -1.35796
2384 35061 0.0255311 -20.3258 -1.35494
2384 35117 -0.30597 -20.6647 -1.6384
2384 35175 0.1206 -20.7811 -1.37941
2384 35277 -0.353003 -20.5427 -1.42129
2384 35324 -0.411604 -20.8901 -1.34865
2384 35456 -0.262144 -20.8598 -1.45046
2384 35488 -0.0609345 -20.6832 -1.38549
2384 35581 -0.540589 -20.1582 -1.39832
2384 35630 -0.260101 -20.4824 -1.59685
2384 35662 -0.0633431 -20.4652 -1.51261
2384 35730 0.0434395 -20.6945 -1.46086
2384 35871 -0.07634 -20.348 -1.52077
2384 35943 -0.227965 -20.7575 -1.37878
2384 36076 -0.420591 -20.9584 -1.38745
2384 36084 -0.534581 -20.4302 -1.68213
2384 36114 -0.0262155 -20.2409 -1.35356
2384 36323 -0.294144 -20.4246 -1.42164
2384 36440 -0.525659 -20.1811 -1.4272
2384 36488 0.379985 -20.2487 -1.74504
2384 36510 -0.0961469 -21.4669 -1.33817
2384 36527 0.187934 -20.497 -1.42614
2384 36532 -0.646223 -21.2394 -1.51343
2384 36540 -0.221471 -20.4155 -1.29249
2384 36584 0.666782 -20.6344 -1.76483
2384 36650 -0.152895 -20.3662 -1.41072
2384 36724 0.227467 -20.2598 -1.66539
2384 36742 0.146014 -20.7668 -1.53464
2384 36759 0.459136 -20.0985 -1.60686
2384 36813 -0.010051 -20.7959 -1.37203
2384 36852 0.198379 -20.4225 -1.36322
2384 36918 -0.35115 -20.48 -1.37977
2384 37088 -0.385552 -20.5068 -1.5234
2384 37175 -0.300463 -20.9016 -1.67261
2384 37186 -0.639622 -20.65 -1.76077
2384 37333 0.112118 -20.3165 -1.57568
2384 37375 -0.290831 -21.1153 -1.43227
2384 37396 -0.0988883 -20.0786 -1.60411
2384 37409 -0.278941 -19.3712 -1.41172
2384 37441 0.76872 -21.2246 -1.41765
2384 37452 0.179909 -20.3699 -1.44279
2384 37479 -0.667982 -20.8304 -1.45681
2384 37505 -0.388331 -20.1394 -1.52367
2384 37588 -0.383597 -20.8729 -1.53781
2384 37613 -0.727557 -20.9193 -1.45774
2384 37678 -0.331128 -21.1407 -1.49991
2384 37766 -0.129686 -20.3792 -1.48638
2384 37788 -0.834449 -21.1608 -1.48248
2384 37795 0.130303 -20.2884 -1.45404
2384 37814 -0.169876 -20.9404 -1.4711
2384 37883 -0.0951121 -21.0789 -1.37458
2384 37886 -0.0892893 -20.7289 -1.64749
2384 37936 -0.670948 -20.5061 -1.52716
2384 37944 -0.980822 -21.1802 -1.47947
2384 38001 -0.739821 -20.4828 -1.58446
2384 38015 -0.584841 -22.0342 -1.58445
2384 38053 -0.243502 -20.681 -1.31553
2384 38127 -0.199134 -20.9727 -1.33895
2384 38143 0.00231944 -20.4688 -1.38041
2384 38210 -0.231645 -20.5003 -1.42057
2384 38262 0.420433 -20.4974 -1.59008
2384 38273 0.302667 -20.6053 -1.37892
2384 38341 -0.317922 -19.9429 -1.51991
2384 38402 -0.287896 -20.3179 -1.56921
2384 38461 -0.346904 -19.9591 -1.38414
2384 38689 -0.65114 -20.9141 -1.48867
2384 38696 -0.00921416 -21.1183 -1.50841
2384 38740 0.0203626 -20.7162 -1.59809
2384 38752 -0.377056 -20.6391 -1.58092
2384 38802 0.188789 -20.5012 -1.53673
2384 38817 -0.696861 -20.4229 -1.52872
2384 38855 -0.607085 -20.3907 -1.6301
2384 38880 -0.50281 -20.5888 -1.7136
2384 38939 -0.382437 -20.5952 -1.3866
2384 38957 -0.0515712 -20.7097 -1.4629
2384 38979 -0.453334 -20.6431 -1.44868
2384 38985 -0.422232 -20.3538 -1.56804
2384 39098 -0.792525 -20.8743 -1.2816
2384 39132 0.345138 -19.6156 -1.43705
2384 39186 0.0452537 -20.6215 -1.51891
2384 39224 0.0479041 -19.6558 -1.37823
2384 39244 0.000601092 -20.5883 -1.43287
2384 39273 0.296478 -20.4652 -1.71123
2384 39304 -0.221559 -20.5052 -1.33779
2384 39395 0.577675 -20.1932 -1.51939
2384 39414 -0.35713 -20.5218 -1.45148
2384 39511 -0.554892 -20.4253 -1.45564
2384 39561 0.229367 -19.8416 -1.49655
2384 39630 -0.0310764 -20.3351 -1.53651
2384 39701 0.0374435 -20.5445 -1.44406
2384 39714 0.305772 -20.6784 -1.37145
2384 39757 0.175923 -21.0898 -1.51904
2384 39788 -0.725261 -20.5832 -1.52943
2384 39823 0.238414 -20.5507 -1.55708
2384 39844 -0.29427 -20.2593 -1.49857
2384 39899 -0.680713 -20.3058 -1.50535
2384 39911 -0.0595065 -20.6303 -1.58198
2384 39917 -0.43687 -21.162 -1.37414
2384 39949 -0.734176 -20.7192 -1.69308
2384 39982 0.34949 -20.8285 -1.58859
2384 40021 -0.209452 -20.4435 -1.57354
2384 40034 -0.262151 -20.523 -1.66563
2384 40065 0.00584156 -20.2678 -1.53691
2384 40079 -0.0715906 -20.6949 -1.39936
2384 40103 -0.370557 -20.3827 -1.41037
2384 40174 0.36228 -20.1277 -1.28111
2384 40177 -0.472085 -21.0748 -1.5315
2384 40201 -0.144951 -20.3994 -1.41747
2384 40221 0.594119 -21.2202 -1.45086
2384 40223 -0.221262 -20.6899 -1.51276
2384 40242 0.158031 -20.7496 -1.46175
2384 40280 -0.0785554 -20.2962 -1.39064
2384 40283 0.175511 -20.3187 -1.5108
2384 40289 -0.111252 -20.4998 -1.45868
2384 40304 0.0772687 -20.3558 -1.59025
2384 40393 -0.0995892 -20.4127 -1.50743
2384 40460 -0.269864 -20.4254 -1.54663
2384 40481 -0.0834304 -20.9758 -1.38409
2384 40558 0.478355 -20.4156 -1.44748
2384 40563 -0.510657 -20.696 -1.50823
2384 40656 -0.34262 -20.8724 -1.58344
2384 40672 0.0820074 -20.4023 -1.36924
2384 40800 0.163439 -20.451 -1.48892
2384 40832 -0.2112 -20.0014 -1.56421
2384 40875 0.42326 -20.6522 -1.48042
2384 40903 -0.692443 -20.2703 -1.55832
2384 40919 -0.143253 -20.5912 -1.59975
2384 40931 -0.582114 -20.655 -1.65934
2384 40938 -0.133085 -21.5203 -1.33321
2384 40955 0.0450668 -20.8237 -1.48807
2384 40964 -0.8296 -20.0512 -1.38349
2384 41017 -0.448102 -20.3917 -1.5377
2384 41089 0.216222 -20.5379 -1.48635
2384 41094 -0.124229 -20.1605 -1.24684
2384 41112 -0.14328 -20.1034 -1.45226
2384 41196 -0.199833 -21.0253 -1.44164
2384 41252 -0.639759 -20.0563 -1.43147
2384 41266 -0.517643 -20.6953 -1.50378
2384 41271 0.0671079 -20.485 -1.42658
2384 41281 -0.626706 -20.7784 -1.32454
2384 41323 -0.393586 -20.7096 -1.32335
2384 41382 -0.25909 -20.9149 -1.46933
2384 41399 0.279048 -20.5395 -1.49463
2384 41444 -0.666991 -21.2593 -1.3794
2384 41520 0.108722 -20.5374 -1.41511
2384 41537 -0.736705 -20.4892 -1.36489
2384 41560 0.128857 -20.4465 -1.52669
2384 41570 -0.323859 -20.6591 -1.48952
2384 41584 -0.61254 -20.8298 -1.56912
2384 41763 0.170884 -20.1122 -1.43821
2384 41768 -0.0558338 -21.1385 -1.47706
2384 41812 -0.00359154 -20.3123 -1.41047
2384 41830 -0.479011 -20.5672 -1.51238
2384 41880 -0.678482 -20.2167 -1.35903
2384 41887 0.0520059 -20.4867 -1.49838
2384 41941 -0.420981 -20.6759 -1.46254
2384 41958 -0.344885 -20.371 -1.4784
2384 41977 -0.582346 -20.9962 -1.56158
2384 42023 -0.299312 -20.5245 -1.34961
2384 42039 -0.39962 -20.6603 -1.57957
2384 42055 0.347172 -20.8394 -1.52032
2384 42075 -0.289539 -20.5254 -1.33291
2384 42105 -0.190392 -20.5267 -1.49815
2384 42111 -0.0770031 -20.4596 -1.51758
2384 42198 -0.358813 -20.342 -1.41117
2384 42207 0.0784715 -20.4501 -1.58289
2384 42242 0.442783 -20.5645 -1.4784
2384 42253 -0.321133 -19.7244 -1.45591
2384 42317 0.0460217 -20.6369 -1.46009
2384 42330 -0.403212 -21.0315 -1.33147
2384 42424 -0.0235631 -20.9095 -1.54594
2384 42455 -0.207442 -20.3967 -1.38149
2384 42464 -0.44736 -20.6598 -1.45395
2384 42537 -0.343404 -20.5557 -1.32278
2384 42630 -0.0863811 -20.308 -1.32725
2384 42642 0.221094 -20.3709 -1.61088
2384 42776 -1.41412 -20.7237 -1.69559
2384 42809 -0.187631 -20.3747 -1.41693
2384 42833 0.26596 -20.4063 -1.47127
2384 42908 -0.584258 -20.9846 -1.55202
2384 42914 0.37758 -20.5921 -1.7084
2384 42925 -0.27069 -20.8843 -1.62221
2384 42929 -0.161417 -20.7243 -1.36617
2384 43016 -0.454141 -20.7992 -1.53066
2384 43021 -0.0306543 -20.1033 -1.41569
2384 43053 0.293864 -20.3252 -1.40671
2384 43088 -0.644129 -19.8598 -1.39453
2384 43172 -0.0152933 -20.8764 -1.42273
2384 43282 -0.216472 -20.4803 -1.62053
2384 43331 -0.240634 -20.8973 -1.45587
2384 43335 -0.137044 -20.6318 -1.6227
2384 43385 0.471703 -20.7791 -1.52414
2384 43404 -0.312207 -21.3298 -1.61623
2384 43481 -0.619895 -20.9756 -1.49676
2384 43494 0.105834 -21.0952 -1.37074
2384 43495 -0.0774324 -20.4177 -1.68211
2384 43506 -0.382608 -20.5963 -1.49167
2384 43635 -0.174552 -20.7605 -1.35414
2384 43661 0.0518485 -20.2156 -1.26519
2384 43665 -0.682843 -20.4109 -1.02563
2384 43688 -0.193783 -20.2055 -1.42722
2384 43873 -0.236509 -20.2659 -1.53355
2384 43947 -0.0404992 -20.562 -1.49057
2384 44042 -0.371218 -20.176 -1.44084
2384 44059 0.0676855 -20.3979 -1.37848
2384 44065 -0.801794 -20.2299 -1.54587
2384 44107 -0.257105 -20.6217 -1.49101
2384 44226 -0.394253 -20.4645 -1.73346
2384 44248 0.10183 -20.5095 -1.4889
2384 44288 -0.0264913 -19.7774 -1.506
2384 44312 -0.0731517 -20.5953 -1.37008
2384 44357 -0.38887 -20.9267 -1.56337
2384 44446 -0.0897838 -20.3966 -1.73295
2384 44514 -0.130187 -20.714 -1.27461
2384 44535 -0.223292 -20.3237 -1.37901
2384 44606 0.250003 -20.6152 -1.50833
2384 44648 -0.238886 -19.9502 -1.59525
2384 44717 0.367754 -20.7269 -1.38026
2384 44763 0.377247 -20.3654 -1.49507
2384 44785 -0.51863 -20.7566 -1.456
2384 44795 -0.0854926 -20.3368 -1.48145
2384 44932 -0.143172 -21.0366 -1.52186
2384 45067 0.207204 -20.5732 -1.50453
2384 45068 -0.119115 -21.0976 -1.48062
2384 45076 0.197128 -20.4218 -1.67368
2384 45093 -0.452426 -20.9908 -1.50249
2384 45127 0.965358 -20.8981 -1.43143
2384 45172 0.0722481 -20.6321 -1.62328
2384 45236 0.0067879 -20.9841 -1.47007
2384 45283 0.0954171 -19.7348 -1.4706
2384 45380 -0.348731 -20.8821 -1.57924
2384 45516 -0.287804 -20.726 -1.55393
2384 45558 0.0235301 -20.6946 -1.4236
2384 45568 0.141775 -20.6363 -1.42688
2384 45609 0.0582714 -20.7441 -1.4128
2384 45612 -0.230446 -20.8288 -1.5328
2384 45613 -0.133736 -20.1226 -1.48646
2384 45616 0.0587439 -20.0817 -1.38813
2384 45667 0.0625708 -20.5148 -1.64019
2384 45681 0.440435 -20.1711 -1.68821
2384 45714 0.22894 -20.3828 -1.46055
2384 45738 -0.221837 -20.5684 -1.59365
2384 45760 -0.0503288 -20.6523 -1.51311
2384 45965 -0.245003 -20.9952 -1.4138
2384 45975 -1.01377 -21.4116 -1.38553
2384 45986 0.253761 -20.9562 -1.58102
2384 46005 -0.252992 -20.8153 -1.68273
2384 46013 -0.130251 -20.5885 -1.4537
2384 46045 -0.338747 -20.5479 -1.42687
2384 46078 -0.138503 -20.6587 -1.49485
2384 46079 0.320227 -20.1557 -1.55409
2384 46197 0.0478446 -20.8549 -1.42024
2384 46200 -0.191741 -20.1456 -1.4903
2384 46267 -0.251701 -20.4063 -1.48216
2384 46278 0.174912 -21.063 -1.66951
2384 46340 0.0493802 -20.3134 -1.54784
2384 46359 -0.287095 -20.9041 -1.56508
2384 46371 0.0841791 -20.1544 -1.32723
2384 46385 -0.100479 -20.3749 -1.46891
2384 46389 -0.284626 -20.5188 -1.40419
2384 46409 -0.317779 -20.7801 -1.34932
2384 46418 -0.286483 -20.7239 -1.65502
2384 46475 -0.531482 -20.5283 -1.4046
2384 46495 0.250244 -20.5239 -1.47455
2384 46553 0.100304 -20.6203 -1.466
2384 46612 -0.470206 -20.4986 -1.46439
2384 46754 0.0551127 -21.2794 -1.47214
2384 46790 -0.122527 -20.5953 -1.61919
2384 46831 0.0427523 -20.1206 -1.57351
2384 46857 -0.0350258 -20.716 -1.50844
2384 46873 -0.0186335 -20.3485 -1.59577
2384 46887 0.175386 -20.477 -1.44042
2384 46888 0.00433784 -20.719 -1.55194
2384 46890 0.150506 -20.6822 -1.62026
2384 46903 0.083564 -19.8766 -1.46818
2384 46987 0.0417109 -20.4984 -1.34158
2384 47088 -0.319995 -20.3472 -1.35019
2384 47101 -0.220568 -21.1311 -1.39432
2384 47166 -0.24595 -20.5287 -1.46098
2384 47252 -0.654157 -21.168 -1.27351
2384 47272 -0.179539 -20.4597 -1.34347
2384 47287 -0.863338 -20.6479 -1.75314
2384 47329 0.104224 -20.2366 -1.49204
2384 47484 -0.529794 -20.7624 -1.36271
2384 47485 -0.421074 -20.3622 -1.52319
2384 47688 -0.673771 -20.626 -1.32543
2384 47699 0.200667 -20.6585 -1.38527
2384 47723 -0.470928 -20.556 -1.45744
2384 47761 -0.162518 -20.7207 -1.55515
2384 47863 -0.407747 -20.8579 -1.44634
2384 47875 0.77109 -19.9933 -1.54407
2384 48005 -0.341607 -20.5661 -1.57906
2384 48052 0.394179 -20.3791 -1.4825
2384 48096 -0.0325743 -21.0353 -1.4656
2384 48132 -0.144519 -20.2976 -1.43252
2384 48144 -0.137388 -20.4331 -1.35066
2384 48267 0.492932 -20.7003 -1.28881
2384 48336 -0.110145 -20.4581 -1.40244
2384 48426 0.496225 -19.9668 -1.51434
2384 48460 -0.158604 -20.0152 -1.37973
2384 48476 -0.357454 -20.6445 -1.35428
2384 48488 0.166932 -20.1774 -1.41231
2384 48632 -0.133713 -20.9551 -1.51817
2384 48702 -0.13385 -20.5413 -1.4884
2384 48763 0.115373 -20.7731 -1.54976
2384 48844 0.00720878 -20.6758 -1.5784
2384 48865 -0.0614578 -20.7126 -1.51361
2384 48895 -0.124755 -20.1644 -1.5836
2384 49032 0.308217 -20.5237 -1.4556
2384 49049 -0.0461684 -20.3489 -1.53447
2384 49111 -0.870355 -20.8885 -1.50222
2384 49143 0.370941 -20.4063 -1.5681
2384 49232 -0.300095 -20.5785 -1.76038
2384 49235 -0.392887 -20.819 -1.54555
2384 49241 -0.420914 -20.2239 -1.58085
2384 49255 -0.223805 -20.5309 -1.47393
2384 49322 -0.591891 -19.358 -1.64521
2384 49411 0.117834 -20.3527 -1.56516
2384 49505 -0.210159 -20.7331 -1.563
2384 49516 -0.602112 -20.866 -1.55498
2384 49649 -0.717436 -20.2357 -1.44325
2384 49659 -0.181382 -20.1383 -1.63895
2384 49666 0.279371 -20.4566 -1.5818
2384 49682 -0.17701 -20.4612 -1.40733
2384 49722 -0.475879 -20.9239 -1.62208
2384 49725 -0.0758764 -20.6536 -1.44428
2384 49760 -0.0855872 -20.2112 -1.34751
2384 49890 -0.221556 -19.9847 -1.63532
2384 49894 -0.0309578 -20.3585 -1.43181
2384 49966 -0.0330944 -20.6302 -1.43878
2384 50038 -0.0706392 -20.4265 -1.42734
2384 50092 -0.0690827 -20.9528 -1.58385
2384 50094 -0.170713 -20.5958 -1.46219
2384 50132 -0.47012 -20.3572 -1.50752
2384 50201 -0.0732862 -20.4473 -1.52087
2384 50234 -0.0655259 -20.2194 -1.43088
2384 50376 0.254351 -20.9173 -1.28825
2384 50439 -0.0489223 -20.4671 -1.53111
2384 50509 0.0506679 -20.5126 -1.41519
2384 50514 -0.163582 -20.7821 -1.49594
2384 50552 0.105259 -21.0136 -1.55604
2384 50617 -0.293971 -20.6709 -1.53311
2384 50624 -0.202642 -20.4124 -1.67971
2384 50634 -0.820925 -20.089 -1.52492
2384 50678 0.186683 -20.5669 -1.57941
2384 50699 0.245646 -21.0276 -1.41206
2384 50705 0.444492 -20.6859 -1.50081
2384 50744 0.868877 -20.5083 -1.53027
2384 50749 -0.0976319 -20.5866 -1.46998
2384 50754 0.480751 -20.6731 -1.5317
2384 50778 0.363639 -20.6323 -1.43617
2384 50803 -0.34366 -20.4458 -1.66128
2384 50817 -0.226748 -20.5155 -1.41058
2384 50846 -0.278347 -20.2122 -1.4029
2384 50910 -0.495975 -20.6824 -1.77621
2384 50999 0.201296 -20.4275 -1.34387
2384 51030 -0.239591 -20.2022 -1.53178
2384 51091 -0.0168744 -20.5571 -1.42963
2384 51100 0.609254 -19.8773 -1.84361
2384 51108 -0.630135 -20.1352 -1.45659
2384 51124 0.252099 -20.3679 -1.55802
2384 51159 -0.0566659 -20.8304 -1.55317
2384 51181 -0.238016 -20.9516 -1.53954
2384 51255 -0.565161 -20.6489 -1.40328
2384 51280 0.273174 -20.4459 -1.47508
2384 51283 0.162837 -20.7431 -1.65323
2384 51287 0.163345 -20.9542 -1.36164
2384 51296 0.282787 -20.891 -1.54509
2384 51374 0.0289618 -20.2143 -1.3516
2384 51406 -0.195708 -20.7237 -1.62285
2384 51521 0.0779148 -20.4108 -1.29662
2384 51523 -0.0187 -20.2863 -1.4343
2384 51563 -0.188583 -21.6045 -1.43865
2384 51571 -0.511089 -19.6149 -1.59758
2384 51590 0.0467684 -20.1817 -1.39647
2384 51628 0.0446529 -21.4235 -1.5191
2384 51651 -1.194 -20.8265 -1.28787
2384 51678 -0.492492 -20.6886 -1.4308
2384 51686 0.196938 -20.4303 -1.70339
2384 51693 -0.139918 -20.8376 -1.62705
2384 51707 -0.565552 -20.53 -1.53358
2384 51717 0.0336558 -20.3367 -1.37324
2384 51740 0.000315808 -20.2043 -1.41312
2384 51749 0.189082 -20.4887 -1.54247
2384 51784 -0.60663 -21.6183 -1.40341
2384 51817 -0.0743867 -20.549 -1.58371
2384 51883 -0.452343 -20.3169 -1.58992
2384 51971 -0.152646 -20.6822 -1.63263
2384 52020 0.165782 -20.3787 -1.51466
2384 52022 0.145163 -20.7268 -1.60008
2384 52029 -0.458382 -20.427 -1.60147
2384 52035 0.0124266 -20.6532 -1.3949
2384 52110 -0.377449 -20.8344 -1.54403
2384 52156 -0.152518 -20.2388 -1.45169
2384 52179 -0.322123 -21.0994 -1.46232
2384 52245 -0.191437 -20.6268 -1.47471
2384 52257 0.157471 -20.582 -1.51043
2384 52322 -0.143284 -21.052 -1.53584
2384 52358 0.00596911 -20.5434 -1.91783
2384 52360 -0.143224 -20.8556 -1.44419
2384 52405 -0.166962 -19.96 -1.36298
2384 52431 0.337591 -20.6709 -1.45908
2384 52468 0.0427899 -20.3743 -1.4931
2384 52471 -0.0350533 -19.986 -1.63309
2384 52513 -0.871696 -20.7833 -1.53047
2384 52517 0.340876 -20.405 -1.4924
2384 52526 -0.776171 -21.1126 -1.57007
2384 52587 -0.28166 -20.3543 -1.42105
2384 52613 -0.331308 -20.3847 -1.79658
2384 52614 0.18299 -20.5476 -1.51176
2384 52636 -0.462489 -21.1591 -1.5688
2384 52641 -0.311581 -21.0363 -1.49413
2384 52707 -0.263315 -21.3512 -1.43347
2384 52795 0.0279082 -20.1093 -1.4897
2384 52805 -0.205217 -20.5512 -1.48136
2384 52859 0.275576 -20.9049 -1.69887
2384 52881 -0.19901 -19.8156 -1.51399
2384 52904 -0.72239 -20.7678 -1.41469
2384 53026 0.0899191 -20.9649 -1.47657
2384 53044 0.0775955 -19.9566 -1.46344
2384 53060 -0.0394844 -20.3201 -1.3874
2384 53137 0.0198685 -19.9182 -1.31986
2384 53207 -0.531117 -19.6661 -1.57344
2384 53220 0.455946 -20.3355 -1.40974
2384 53254 0.187339 -20.7967 -1.52123
2384 53261 -0.571037 -19.9076 -1.48292
2384 53288 -0.346928 -20.4831 -1.5817
2384 53385 -0.104557 -20.7355 -1.58183
2384 53401 0.468901 -20.4633 -1.34972
2384 53499 -0.579629 -19.9816 -1.41481
2384 53508 -0.109396 -20.2248 -1.49343
2384 53518 -0.614212 -20.0497 -1.50378
2384 53573 -0.292891 -20.3588 -1.27889
2384 53636 -0.944749 -20.3359 -1.60747
2384 53688 0.0712273 -19.7103 -1.48214
2384 53717 0.537972 -19.5034 -1.52722
2384 53722 -0.608193 -20.4494 -1.48599
2384 53740 0.045382 -20.7133 -1.53736
2384 53775 -0.197416 -19.9168 -1.65565
2384 53785 -0.128949 -20.797 -1.56767
2384 53829 -0.0769689 -20.4866 -1.53288
2384 53850 -0.818657 -20.9161 -1.38114
2384 53866 -0.21652 -20.492 -1.72316
2384 53915 -0.305327 -20.7051 -1.52869
2384 53941 -0.493682 -20.5145 -1.48233
2384 54073 -0.0132578 -20.5439 -1.39204
2384 54113 -0.248287 -20.449 -1.47567
2384 54132 -0.301012 -20.1154 -1.46969
2384 54193 -0.0854245 -20.665 -1.39733
2384 54292 -0.129118 -20.7224 -1.50453
2384 54307 0.0974417 -21.0664 -1.49534
2384 54476 -0.538558 -20.7593 -1.34344
2384 54537 -0.669831 -20.7284 -1.44595
2384 54555 -0.0661674 -20.8947 -1.6188
2384 54760 -0.142999 -20.3795 -1.49339
2384 54804 -0.344694 -20.7236 -1.53901
2384 54848 -0.0294142 -21.293 -1.37608
2384 54874 -0.0396137 -20.4682 -1.44873
2384 54882 0.427763 -20.5773 -1.39728
2384 54901 -0.438446 -20.4738 -1.4913
2384 54910 -0.0456687 -20.3438 -1.5517
2384 54924 -0.48152 -20.7811 -1.61785
2384 54930 -0.142588 -20.3415 -1.47315
2384 54966 0.105693 -20.2644 -1.54725
2384 54969 0.481001 -20.1869 -1.31579
2384 54984 0.181508 -20.3937 -1.484
2384 55106 -0.531376 -20.6831 -1.49352
2384 55126 0.447948 -20.9944 -1.5286
2384 55141 -1.10124 -20.9046 -1.54269
2384 55162 0.442772 -20.649 -1.46976
2384 55184 0.355608 -20.4596 -1.46218
2384 55208 -0.20521 -20.5893 -1.39723
2384 55232 -0.371365 -20.2984 -1.53366
2384 55281 -0.186743 -20.3985 -1.53998
2384 55343 -0.340311 -20.6768 -1.55727
2384 55365 -0.106391 -20.1802 -1.44309
2384 55501 0.263436 -20.553 -1.53335
2384 55517 -0.0309709 -20.6176 -1.60504
2384 55586 -0.355187 -20.0871 -1.49825
2384 55655 -0.0626898 -20.0979 -1.54187
2384 55665 -0.473056 -21.0136 -1.58463
2384 55685 0.510313 -20.7636 -1.4917
2384 55703 -0.233686 -20.1651 -1.53203
2384 55750 -0.616661 -20.6353 -1.45901
2384 55763 0.371571 -21.6028 -1.52047
2384 55828 -0.539601 -20.6013 -1.48184
2384 55889 -0.0721015 -20.822 -1.49875
2384 55904 -0.487257 -20.9131 -1.34676
2384 55931 -0.134534 -20.6917 -1.37444
2384 55943 -0.227726 -20.0528 -1.4337
2384 55962 -0.297564 -21.1023 -1.60207
2384 56018 -1.02203 -20.6349 -1.46271
2384 56047 0.272671 -20.7305 -1.30565
2384 56048 -0.093377 -21.0059 -1.4718
2384 56056 -0.0705687 -19.8521 -1.41135
2384 56076 0.310591 -20.2639 -1.50917
2384 56099 0.412686 -21.033 -1.47557
2384 56182 -0.0995952 -20.9237 -1.5798
2384 56222 -0.63097 -20.8693 -1.54607
2384 56302 0.268365 -20.6621 -1.42269
2384 56334 -0.298026 -19.9496 -1.54862
2384 56413 -0.236959 -20.7026 -1.33303
2384 56523 -0.284853 -20.7822 -1.51948
2384 56529 -0.193344 -20.8336 -1.47759
2384 56538 -0.700506 -20.5896 -1.46136
2384 56556 -0.152542 -20.7637 -1.44333
2384 56622 0.103728 -20.9622 -1.59904
2384 56651 0.158331 -20.9884 -1.54151
2384 56667 -0.313405 -20.0941 -1.55436
2384 56705 -0.741638 -20.9525 -1.50364
2384 56720 0.0622374 -20.9267 -1.42288
2384 56770 -0.412106 -20.4008 -1.68543
2384 56800 -0.452417 -21.1806 -1.55083
2384 56842 -0.050876 -21.0526 -1.44415
2384 56862 0.311854 -20.6643 -1.49741
2384 56885 -0.299939 -20.0031 -1.59608
2384 56989 0.24494 -20.2124 -1.51792
2384 57012 -0.851667 -20.9259 -1.65945
2384 57104 0.254773 -20.5387 -1.39415
2384 57162 -0.270031 -20.6544 -1.69469
2384 57211 0.193613 -19.9839 -1.43387
2384 57279 0.104037 -20.3681 -1.33079
2384 57342 0.825161 -20.9902 -1.42938
2384 57468 -0.773507 -20.3136 -1.42676
2384 57539 -0.115662 -20.1458 -1.47383
2384 57544 -0.899903 -20.2644 -1.47763
2384 57611 -0.416526 -20.5189 -1.51201
2384 57651 0.215302 -20.2319 -1.41314
2384 57698 -0.417619 -20.7043 -1.30302
2384 57775 -0.276885 -20.8757 -1.61962
2384 57798 0.0901388 -20.6298 -1.54705
2384 57847 -0.420908 -20.2276 -1.373
2384 57872 0.396606 -20.1613 -1.53961
2384 57896 -0.260006 -20.5328 -1.48596
2384 58003 0.127367 -20.3065 -1.51465
2384 58019 0.179795 -20.8094 -1.54897
2384 58033 -0.383379 -20.7774 -1.48682
2384 58078 0.0197487 -20.3514 -1.48617
2384 58098 0.279563 -20.5704 -1.57754
2384 58125 0.495174 -21.0046 -1.45435
2384 58128 0.488755 -19.7139 -1.37787
2384 58219 -0.341049 -20.5659 -1.57065
2384 58273 0.120617 -20.1838 -1.42559
2384 58293 -0.0641063 -20.3569 -1.40519
2384 58318 -0.310309 -20.9171 -1.43618
2384 58348 -0.269813 -20.9257 -1.45624
2384 58394 0.267803 -20.3046 -1.54153
2384 58451 -0.848767 -20.6776 -1.57251
2384 58457 -0.102685 -21.2081 -1.73496
2384 58568 -0.149845 -20.3075 -1.40265
2384 58596 -0.0770648 -20.5477 -1.54072
2384 58603 -0.0461401 -20.8387 -1.49081
2384 58604 0.0836116 -20.5202 -1.54401
2384 58651 0.627839 -21.3345 -1.64953
2384 58723 0.0876596 -20.2081 -1.54924
2384 58769 -0.390962 -20.0879 -1.48535
2384 58809 0.0052277 -20.4489 -1.63233
2384 58847 -0.561182 -20.4961 -1.51726
2384 58861 -0.0946569 -20.2748 -1.55064
2384 58863 -0.104192 -20.9963 -1.66778
2384 58930 -0.254979 -21.0466 -1.6366
2384 58955 -0.231261 -20.0897 -1.49035
2384 58967 -0.994976 -20.7412 -1.61859
2384 58988 -0.597898 -20.8609 -1.5705
2384 59034 0.173781 -20.624 -1.59685
2384 59044 0.252457 -20.7838 -1.52151
2384 59148 -0.864766 -20.3198 -1.54805
2384 59180 0.66065 -20.1632 -1.49729
2384 59321 0.148664 -20.9559 -1.41531
2384 59363 0.0895748 -20.9861 -1.50367
2384 59438 0.144724 -20.8865 -1.51813
2384 59490 -0.0958707 -21.0433 -1.49163
2384 59576 0.110397 -20.4525 -1.49216
2384 59629 -0.247605 -20.2768 -1.51133
2384 59632 0.280676 -20.8785 -1.67372
2384 59671 -0.0528569 -20.3991 -1.62109
2384 59706 -0.467897 -20.8896 -1.52435
2384 59726 0.144083 -20.3856 -1.33038
2384 59921 -0.793339 -20.4006 -1.35234
2384 60088 -0.283896 -20.8452 -1.4307
2384 60091 -0.623861 -20.5577 -1.41884
2384 60150 -0.357363 -20.2883 -1.45539
2384 60263 -0.155533 -20.1887 -1.65216
2384 60285 0.010845 -20.7095 -1.68123
2384 60328 -0.916453 -21.1257 -1.36676
2384 60342 0.135172 -20.3506 -1.38843
2384 60439 -0.353758 -20.4651 -1.46238
2384 60455 -0.323754 -20.7288 -1.41007
2384 60465 0.56448 -20.8485 -1.60913
2384 60582 -0.797837 -21.0467 -1.49984
2384 60635 0.0233246 -20.3416 -1.51757
2384 60654 -0.00829931 -20.657 -1.53169
2384 60686 -0.0396402 -20.8633 -1.59522
2384 60750 -0.0319599 -20.518 -1.53705
2384 60766 -0.000296536 -21.043 -1.48367
2384 60833 -0.0981537 -20.1062 -1.47618
2384 60852 0.14504 -20.1112 -1.67842
2384 60857 -0.444976 -20.9013 -1.39847
2384 60974 0.314715 -19.8455 -1.53135
2384 61040 -0.375095 -20.5431 -1.45952
2384 61132 -0.566887 -20.9317 -1.52895
2384 61183 -0.102073 -20.545 -1.78002
2384 61244 -0.102526 -20.6099 -1.53684
2384 61270 -0.13169 -20.3305 -1.50063
2384 61343 -0.136023 -20.5328 -1.53454
2384 61352 -0.227952 -20.5913 -1.53354
2384 61442 0.0448667 -20.4762 -1.35397
2384 61508 0.3148 -20.0176 -1.44457
2384 61511 0.670469 -20.4666 -1.37567
2384 61541 0.0282377 -20.6606 -1.42565
2384 61571 0.220376 -19.7767 -1.62337
2384 61582 -0.771096 -20.8828 -1.34777
2384 61625 -0.274955 -20.2878 -1.38191
2384 61643 -0.738992 -20.7466 -1.55805
2384 61662 0.241695 -20.6412 -1.3925
2384 61781 -0.191073 -20.6342 -1.34747
2384 61836 0.287042 -20.3169 -1.52516
2384 61838 0.0405072 -20.142 -1.44617
2384 61946 0.229508 -20.5505 -1.50756
2384 61963 -0.609763 -20.2391 -1.6076
2384 61966 0.518109 -20.3058 -1.30044
2384 61971 -0.556947 -20.3454 -1.32997
2384 62026 -0.397438 -21.1842 -1.5218
2384 62060 -0.263927 -20.6866 -1.37623
2384 62075 0.420046 -20.6048 -1.47149
2384 62131 -0.913812 -20.4884 -1.50225
2384 62145 -0.141088 -20.3856 -1.42401
2384 62157 0.0415673 -20.8306 -1.47203
2384 62203 0.206431 -20.8991 -1.48702
2384 62224 -0.0519991 -20.6022 -1.47291
2384 62310 -0.438659 -20.6336 -1.59338
2384 62346 0.106133 -20.3657 -1.48996
2384 62421 -0.0811469 -20.0462 -1.22909
2384 62434 0.198289 -20.1743 -1.3432
2384 62435 -0.00978687 -20.217 -1.51206
2384 62453 0.0259259 -20.9787 -1.50367
2384 62462 0.212946 -20.6139 -1.32176
2384 62484 0.0524572 -20.9226 -1.56939
2384 62523 -0.653589 -20.8324 -1.44814
2384 62545 0.068427 -21.0043 -1.40346
2384 62553 -0.217631 -19.9646 -1.41484
2384 62579 -0.663009 -21.2271 -1.53287
2384 62597 -0.932609 -21.2106 -1.54786
2384 62637 -0.667026 -20.9337 -1.49782
2384 62678 -0.626619 -19.6354 -1.52513
2384 62808 -0.393566 -20.6166 -1.5536
2384 62986 -0.00743022 -20.182 -1.60369
2384 63061 -0.274428 -20.835 -1.42518
2384 63096 0.0356494 -20.0305 -1.43386
2384 63130 -0.00547975 -19.9713 -1.51804
2384 63192 -0.335206 -20.6773 -1.50371
2384 63200 0.530186 -20.7281 -1.44056
2384 63273 -0.392878 -20.5498 -1.72502
2384 63293 0.124756 -21.0166 -1.53305
2384 63440 -0.212275 -20.6039 -1.52743
2384 63451 -0.129041 -20.0518 -1.65297
2384 63600 0.0351584 -20.2268 -1.63128
2384 63715 -0.189063 -20.0287 -1.58072
2384 63780 0.248404 -20.5299 -1.67448
2384 63794 -0.639811 -20.3859 -1.3615
2384 63948 0.24876 -20.9465 -1.51117
2384 64020 0.643205 -20.3873 -1.48343
2384 64080 -0.753355 -20.7694 -1.52834
2384 64095 -0.300312 -20.7436 -1.45362
2384 64127 -0.0418048 -20.4654 -1.41012
2384 64144 0.285574 -20.4219 -1.53977
2384 64146 0.410958 -19.6811 -1.57686
2384 64199 -0.462286 -20.8281 -1.61713
2384 64317 0.0707003 -20.8578 -1.30254
2384 64360 -0.423043 -20.7995 -1.51145
2384 64399 -0.563533 -20.4979 -1.53407
2384 64427 0.573376 -20.5387 -1.39967
2384 64467 0.239051 -20.4329 -1.49409
2384 64488 -0.791264 -20.5884 -1.27167
2384 64534 -0.169559 -20.4359 -1.52959
2384 64561 -0.143786 -20.4081 -1.60187
2384 64571 -0.887964 -19.8725 -1.38045
2384 64581 0.0589353 -20.5882 -1.64777
2384 64611 -0.33374 -21.143 -1.47786
2384 64762 -0.393712 -20.8925 -1.54075
2384 64778 -0.12546 -20.6929 -1.44262
2384 64789 -0.124379 -20.5478 -1.41076
2384 64987 -0.146929 -20.698 -1.50707
2384 65080 0.227325 -20.4902 -1.65066
2384 65092 -0.684591 -20.7783 -1.66704
2384 65106 0.488665 -20.7275 -1.44678
2384 65120 -0.505896 -20.0997 -1.52684
2384 65183 -0.119084 -20.2926 -1.47398
2384 65221 -0.393905 -20.7083 -1.57485
2384 65239 -0.0862247 -20.5487 -1.47828
2384 65256 -0.296523 -20.3938 -1.61549
2384 65339 0.506298 -20.1001 -1.31431
2384 65549 -0.057451 -20.9591 -1.44804
2384 65632 0.151843 -20.2968 -1.41595
2384 65633 -0.494894 -19.7512 -1.40682
2384 65657 0.289747 -20.5005 -1.5819
2384 65670 -0.620579 -19.7191 -1.51605
2384 65682 -0.179319 -20.7834 -1.48107
2384 65700 -0.2934 -20.7243 -1.59079
2384 65702 -0.351741 -20.5635 -1.57753
2384 65723 -0.560736 -20.7324 -1.56315
2384 65738 -0.136601 -20.382 -1.39613
2384 65767 -0.132179 -19.9242 -1.4141
2384 65802 0.241503 -19.9636 -1.5104
2384 65827 -0.442531 -20.3827 -1.59679
2384 65941 -0.0752408 -19.9458 -1.46417
2384 66144 0.473748 -20.9885 -1.50231
2384 66268 0.366108 -20.1525 -1.62584
2384 66276 -0.0689939 -20.548 -1.47227
2384 66307 -0.612875 -20.408 -1.52492
2384 66432 -0.0204089 -20.5575 -1.49371
2384 66444 -1.0951 -20.736 -1.55874
2384 66460 -0.436952 -20.462 -1.62873
2384 66502 -0.365062 -20.1121 -1.53794
2384 66536 0.0956097 -20.4255 -1.46399
2384 66581 -0.123096 -20.8812 -1.4762
2384 66595 -0.458756 -20.741 -1.45847
2384 66651 0.354251 -20.5485 -1.61405
2384 66674 -0.171463 -20.5983 -1.41266
2384 66705 -0.551104 -20.304 -1.70585
2384 66739 -0.652151 -20.5539 -1.16262
2384 66757 -0.143895 -20.6426 -1.57337
2384 66766 0.204608 -20.2966 -1.4061
2384 66792 0.271898 -20.4246 -1.50532
2384 66818 -0.555656 -20.8006 -1.6693
2384 66894 -0.113482 -20.0992 -1.4696
2384 66929 -0.480081 -20.5359 -1.37931
2384 66948 -0.504233 -19.785 -1.40265
2384 66953 -0.0193602 -20.639 -1.46149
2384 67036 -0.192634 -20.5975 -1.38195
2384 67054 -0.611005 -20.5676 -1.49676
2384 67091 -0.425756 -20.7607 -1.60106
2384 67181 -0.16927 -20.6544 -1.56915
2384 67240 -0.268277 -20.5307 -1.53587
2384 67281 -0.921057 -20.5435 -1.52532
2384 67652 0.174409 -20.8183 -1.43327
2384 67664 -0.396412 -20.4505 -1.44708
2384 67820 -0.018537 -20.7847 -1.49512
2384 67862 -0.471588 -20.4804 -1.49296
2384 67881 0.0116152 -20.448 -0.936834
2384 67999 0.413027 -20.1925 -1.48845
2384 68046 -0.140223 -20.3067 -1.59354
2384 68055 0.545512 -20.8324 -1.46743
2384 68152 -0.00192856 -20.8468 -1.57228
2384 68240 0.314243 -20.8042 -1.48389
2384 68247 -0.354921 -21.1585 -1.52574
2384 68271 0.303237 -21.1711 -1.3368
2384 68328 -0.00362204 -20.9676 -1.38453
2384 68368 0.0440655 -20.6046 -1.46699
2384 68373 -0.139191 -20.8874 -1.48971
2384 68393 -0.038941 -20.8491 -1.50914
2384 68415 -0.290118 -21.0057 -1.5747
2384 68456 -0.636897 -20.9767 -1.45159
2384 68493 0.0838173 -20.5802 -1.43212
2384 68517 0.243208 -20.4052 -1.57459
2384 68523 -0.41055 -20.2729 -1.38998
2384 68547 -0.203772 -20.8752 -1.42386
2384 68652 0.0189461 -21.0929 -1.42731
2384 68719 -0.419346 -20.833 -1.70538
2384 68883 -0.671587 -19.7074 -1.44139
2384 68900 0.484634 -20.7733 -1.64757
2384 68930 0.115764 -20.1984 -1.56697
2384 68933 0.530105 -20.4407 -1.45073
2384 69117 -0.387122 -20.3165 -1.42524
2384 69188 -0.694568 -20.2629 -1.37892
2384 69217 -0.0662217 -20.9761 -1.44667
2384 69416 0.295293 -20.4973 -1.5215
2384 69421 0.125251 -20.0448 -1.38451
2384 69476 0.0621352 -20.3551 -1.61099
2384 69619 -0.712847 -20.5468 -1.54256
2384 69663 -0.0498117 -20.3055 -1.49332
2384 69682 -0.455279 -20.7038 -1.46151
2384 69731 0.0750593 -20.6357 -1.64624
2384 69755 -0.778394 -20.4985 -1.54986
2384 69833 -0.307285 -20.6769 -1.41889
2384 69893 -0.313831 -20.3214 -1.66796
2384 70095 -0.331239 -20.6648 -1.48213
2384 70136 0.126704 -20.4149 -1.55232
2384 70145 -0.122646 -19.7869 -1.54952
2384 70246 -0.163676 -20.6331 -1.46815
2384 70286 -0.720677 -20.5674 -1.47731
2384 70314 0.17421 -20.3153 -1.35804
2384 70331 0.209401 -20.2082 -1.53044
2384 70433 -0.197551 -20.8955 -1.41935
2384 70511 -0.281977 -20.8924 -1.43006
2384 70542 -0.331471 -20.1275 -1.35464
2384 70671 -0.129818 -20.5372 -1.49625
2384 70719 -0.20142 -21.4484 -1.51257
2384 70761 -0.133478 -20.3713 -1.55547
2384 70778 0.354884 -21.0085 -1.44315
2384 70788 0.386818 -20.58 -1.56891
2384 70867 -0.402782 -20.6136 -1.476
2384 70889 -0.0421441 -20.4865 -1.36832
2384 70894 -0.255636 -20.5376 -1.41079
2384 70908 0.980696 -19.8418 -1.41234
2384 70918 -0.0244604 -20.13 -1.44801
2384 71067 -0.755128 -20.0579 -1.45977
2384 71111 0.206979 -20.4136 -1.48903
2384 71129 -0.325638 -20.3678 -1.4634
2384 71196 -0.0768219 -20.0274 -1.5204
2384 71205 -0.129992 -20.4783 -1.85423
2384 71251 0.271862 -20.9747 -1.46038
2384 71255 0.0885864 -20.2181 -1.32477
2384 71266 0.590398 -20.4679 -1.4265
2384 71320 -0.178734 -20.6674 -1.34019
2384 71325 0.0369828 -20.3946 -1.54519
2384 71347 -0.0390759 -20.7742 -1.83557
2384 71424 -0.219313 -20.3921 -1.4793
2384 71578 -0.19354 -20.3882 -1.48913
2384 71606 0.0324115 -20.9991 -1.42215
2384 71612 -1.0757 -20.7308 -1.24031
2384 71685 0.0551454 -20.0604 -1.68188
2384 71783 -0.179381 -20.5063 -1.52458
2384 71840 -0.320123 -20.4477 -1.53848
2384 71852 -0.406899 -20.5408 -1.41584
2384 71930 0.346218 -20.3681 -1.60297
2384 71968 0.276307 -20.9335 -1.58375
2384 71974 -0.501137 -20.9521 -1.37708
2384 72021 -0.790404 -20.2584 -1.42155
2384 72059 -0.403367 -20.1923 -1.58548
2384 72073 -0.481299 -20.6763 -1.49098
2384 72075 -0.205484 -20.4584 -1.33011
2384 72147 0.502324 -20.5489 -1.48784
2384 72200 -0.0853514 -20.9122 -1.45789
2384 72307 0.600301 -20.9221 -1.63639
2384 72328 -0.299208 -20.5685 -1.52677
2384 72502 0.0726752 -20.9939 -1.38778
2384 72712 -0.495678 -20.6399 -1.57937
2384 72713 -0.328913 -20.5751 -1.51108
2384 72714 -1.00756 -20.4974 -1.42554
2384 72717 -0.790431 -19.9687 -1.34932
2384 72849 0.785166 -20.8051 -1.46223
2384 72898 0.139863 -20.3664 -1.53134
2384 72932 -0.146638 -20.6819 -1.3031
2384 72941 0.516214 -20.6151 -1.6301
2384 73076 -0.108131 -20.732 -1.56105
2384 73095 -0.258417 -20.1108 -1.44538
2384 73259 -0.285867 -21.141 -1.44895
2384 73281 -0.190037 -20.6833 -1.53135
2384 73282 -0.851101 -19.4409 -1.61845
2384 73355 -0.372118 -19.7326 -1.47718
2384 73368 0.137146 -20.1884 -1.44909
2384 73395 0.469081 -19.665 -1.68894
2384 73407 -0.279941 -20.7072 -1.30571
2384 73409 -0.262837 -21.014 -1.63502
2384 73504 -0.0645261 -20.4769 -1.51043
2384 73660 0.599836 -20.2802 -1.43264
2384 73784 0.0916371 -20.5564 -1.61927
2384 73803 -0.255002 -20.4707 -1.45986
2384 73804 0.109662 -20.3932 -1.64308
2384 73854 0.00448529 -20.6552 -1.57911
2384 73863 0.10932 -20.2669 -1.43155
2384 73874 -0.173064 -21.0669 -1.58875
2384 73937 0.638488 -20.5863 -1.73479
2384 73962 -0.555691 -20.7775 -1.64058
2384 73996 0.217507 -20.2795 -1.32619
2384 74003 -0.312728 -20.0069 -1.65162
2384 74023 -0.705901 -20.6257 -1.58451
2384 74111 0.0897335 -21.0663 -1.35707
2384 74123 0.288599 -20.7778 -1.5449
2384 74204 -0.621852 -20.1369 -1.36493
2384 74220 0.150453 -21.0838 -1.4754
2384 74247 0.46632 -20.6634 -1.50545
2384 74251 -0.235712 -20.2727 -1.22715
2384 74266 -0.288603 -20.5972 -1.43141
2384 74278 -0.139896 -20.5285 -1.54188
2384 74500 0.362317 -20.1721 -1.67321
2384 74544 -0.577903 -20.9525 -1.46728
2384 74600 0.257305 -21.0994 -1.44681
2384 74674 0.0943553 -20.4509 -1.58438
2384 74697 -0.368657 -20.8135 -1.54171
2384 74784 -0.450565 -20.7478 -1.25051
2384 74812 -0.0817219 -20.287 -1.42448
2384 74824 0.546484 -20.4604 -1.47029
2384 74833 0.209732 -20.1574 -1.3773
2384 74851 -0.489895 -20.1353 -1.46728
2384 74868 0.1596 -20.6834 -1.48563
2384 74900 0.386112 -20.591 -1.57656
2384 74974 -0.410313 -21.0331 -1.5067
2384 75000 -0.41336 -20.4224 -1.37549
2384 75016 -0.0163722 -20.318 -1.55932
2384 75045 -0.108864 -21.0503 -1.40886
2384 75058 -0.387191 -21.0276 -1.44762
2384 75109 -0.309104 -20.6356 -1.6126
2384 75114 -0.603709 -20.7054 -1.47571
2384 75337 0.0299652 -20.6115 -1.49671
2384 75501 -0.129227 -20.3611 -1.46246
2384 75506 0.133875 -20.5758 -1.46741
2384 75615 -0.549145 -20.3467 -1.61821
2384 75660 -0.616755 -21.028 -1.41163
2384 75700 -0.180926 -20.5226 -1.62542
2384 75719 -0.14078 -20.7964 -1.46808
2384 75781 -0.247282 -21.3993 -1.49238
2384 75784 -0.25543 -19.835 -1.3713
2384 75805 -0.901098 -21.1222 -2.05212
2384 75904 -0.738315 -20.793 -1.75063
2384 75909 -0.467083 -20.7137 -1.55474
2384 75923 -0.0208895 -20.7216 -1.4514
2384 75942 -0.483905 -20.2366 -1.3406
2384 75960 -0.21167 -20.6982 -1.47895
2384 75977 0.125907 -20.6167 -1.44651
2384 76017 0.397821 -20.296 -1.49638
2384 76060 0.36625 -20.5464 -1.53372
2384 76063 0.0439495 -20.434 -1.60651
2384 76088 0.205401 -20.1173 -1.50172
2384 76127 0.150216 -20.325 -1.45265
2384 76198 -0.196829 -19.6394 -1.50747
2384 76207 -0.0528664 -20.4831 -1.43091
2384 76219 -0.312852 -20.4754 -1.52017
2384 76251 -0.570512 -20.4781 -1.59905
2384 76330 0.23541 -20.4476 -1.5702
2384 76480 0.319314 -20.6712 -1.54766
2384 76528 -0.341105 -20.0063 -1.46711
2384 76601 0.123807 -20.3578 -1.57034
2384 76616 0.0892551 -20.5047 -1.5139
2384 76667 -0.41045 -20.2576 -1.5045
2384 76757 0.27393 -20.7264 -1.42236
2384 76786 -0.106873 -20.6611 -1.62314
2384 76871 -0.18349 -21.0443 -1.41885
2384 76942 -0.0804516 -20.7837 -1.54275
2384 76968 -0.340319 -20.1551 -1.50481
2384 77074 -0.516374 -21.1686 -1.5006
2384 77168 -0.44237 -19.635 -1.67363
2384 77182 -0.0485925 -20.941 -1.44926
2384 77193 0.137936 -20.5159 -1.46135
2384 77196 -0.00806208 -20.7314 -1.51296
2384 77329 0.18668 -20.2074 -1.42477
2384 77344 0.260783 -20.8515 -1.5767
2384 77358 -0.617116 -20.5124 -1.57903
2384 77378 -0.345619 -20.1574 -1.59749
2384 77443 -0.343221 -21.3089 -1.5797
2384 77463 0.0720681 -20.4112 -1.61564
2384 77474 0.0758344 -20.3811 -1.38409
2384 77497 -0.35118 -20.7256 -1.44715
2384 77619 -0.0473691 -20.6747 -1.48962
2384 77691 -0.173575 -20.6159 -1.49953
2384 77871 -0.329007 -20.1523 -1.42482
2384 77879 -0.63364 -20.7561 -1.36943
2384 77951 -0.579729 -20.7649 -1.43254
2384 77965 -0.450284 -20.6219 -1.44119
2384 77970 -0.430319 -20.7434 -1.42151
2384 78042 -0.0844217 -20.4894 -1.53996
2384 78073 -0.611077 -20.184 -1.78831
2384 78113 0.836914 -20.813 -1.3675
2384 78143 -0.18906 -20.9331 -1.50054
2384 78201 -0.349941 -20.8221 -1.46524
2384 78226 0.109092 -20.6387 -1.37515
2384 78250 -0.0850801 -20.8683 -1.49776
2384 78298 -0.446554 -20.604 -1.52901
2384 78380 0.199043 -20.7778 -1.34359
2384 78386 -0.38547 -20.1963 -1.47605
2384 78428 -0.0755483 -20.5386 -1.57166
2384 78494 -0.0488043 -20.5109 -1.28887
2384 78660 -0.0531619 -20.3182 -1.50495
2384 78673 -0.404887 -20.641 -1.33456
2384 78723 0.105769 -20.5652 -1.65279
2384 78724 -0.296804 -21.0422 -1.20655
2384 78742 0.446692 -20.3767 -1.40504
2384 78840 -0.216125 -20.8898 -1.3829
2384 78854 0.193905 -20.1195 -1.49536
2384 78895 -0.368797 -20.5887 -1.56265
2384 78900 -0.659367 -21.468 -1.70489
2384 78904 0.414327 -20.6975 -1.41488
2384 78970 0.440486 -20.4561 -1.46761
2384 79062 -0.240299 -21.6008 -1.56986
2384 79092 0.0169184 -20.0054 -1.50471
2384 79143 -0.567975 -20.3954 -1.68665
2384 79169 -0.312509 -21.2073 -1.63863
2384 79170 0.177564 -20.9835 -1.50872
2384 79172 -0.627632 -20.8123 -1.44698
2384 79245 0.352009 -20.6111 -1.53775
2384 79246 0.0736656 -20.0946 -1.48318
2384 79253 -0.442218 -21.3798 -1.35735
2384 79315 -0.162974 -20.4825 -1.40333
2384 79334 -0.230788 -20.7884 -1.4234
2384 79580 0.0712998 -20.348 -1.46769
2384 79619 -0.694684 -20.8135 -1.45698
2384 79693 -0.32498 -20.3124 -1.45645
2384 79703 0.0357001 -20.5441 -1.43101
2384 79750 -0.142553 -21.1215 -1.24647
2384 79823 0.30024 -20.486 -1.43695
2384 79840 -0.314364 -20.4913 -1.55392
2384 79894 -0.28271 -20.1554 -1.43555
2384 79954 -0.337678 -20.0684 -1.45082
2384 79959 -0.495807 -20.9064 -1.52283
2384 79964 -0.0459211 -20.3404 -1.63266
2384 79974 -0.183219 -21.0215 -1.44047
2384 80009 -0.299113 -20.5948 -1.53677
2384 80027 0.0834823 -20.8046 -1.57311
2384 80060 0.258936 -20.7221 -1.58176
2384 80064 -0.275951 -20.8151 -1.47923
2384 80103 0.330197 -20.436 -1.61685
2384 80179 -0.0502363 -20.6562 -1.48705
2384 80234 -0.235864 -21.2547 -1.46106
2384 80308 -0.225017 -20.5126 -1.53942
2384 80371 0.0877241 -19.9513 -1.45827
2384 80387 -0.482486 -20.6341 -1.56206
2384 80525 0.0224761 -20.9465 -1.49282
2384 80539 -0.213876 -20.8628 -1.47106
2384 80570 -0.0966113 -21.0266 -1.36434
2384 80599 -0.428814 -20.6164 -1.50652
2384 80645 -0.192182 -20.7597 -1.5097
2384 80783 0.258719 -20.6703 -1.46422
2384 80855 -0.622728 -20.7522 -1.49321
2384 80974 0.401867 -20.6412 -1.57627
2384 81134 -0.0345558 -20.4256 -1.63138
2384 81162 -0.13526 -20.8585 -1.48883
2384 81179 -0.380836 -20.1095 -1.45957
2384 81210 -0.0362368 -20.0672 -1.49381
2384 81243 -0.172341 -19.9555 -1.45371
2384 81283 -0.371566 -20.4604 -1.4896
2384 81287 0.48807 -21.282 -1.45117
2384 81296 -1.29102 -20.3737 -1.48972
2384 81302 -0.608812 -20.9278 -1.52622
2384 81354 0.347463 -20.5159 -1.34821
2384 81487 0.0637197 -20.1946 -1.56321
2384 81663 0.405432 -20.9034 -1.45955
2384 81681 -0.451729 -21.1792 -1.44766
2384 81725 -0.210964 -21.1506 -1.42777
2384 81776 0.00412775 -20.4335 -1.54283
2384 81789 0.203591 -19.6759 -1.51568
2384 81830 -0.00699514 -20.0102 -1.49918
2384 81836 0.233589 -20.7242 -1.49406
2384 81852 0.103965 -20.5051 -1.38787
2384 81912 -0.332472 -20.0408 -1.51146
2384 81937 -0.4941 -20.5442 -1.41234
2384 82025 -0.469592 -19.772 -1.63276
2384 82045 -0.0920376 -20.523 -1.5656
2384 82099 0.451555 -20.821 -1.57203
2384 82127 0.051628 -20.6783 -1.44671
2384 82144 -0.202622 -20.0152 -1.51063
2384 82154 -0.298312 -20.3317 -1.53429
2384 82206 0.0121283 -20.3875 -1.36744
2384 82224 -0.527723 -20.745 -1.47875
2384 82235 0.00186056 -20.8989 -1.362
2384 82260 -0.3651 -20.676 -1.67168
2384 82268 -0.392845 -20.7596 -1.51093
2384 82294 -0.164724 -19.8215 -1.48207
2384 82335 -0.101101 -20.4788 -1.53212
2384 82359 -0.20361 -20.3594 -1.43981
2384 82379 -0.540359 -20.1572 -1.4904
2384 82446 0.00869062 -20.6945 -1.43262
2384 82454 -0.78546 -21.0109 -1.48949
2384 82502 0.364014 -20.0924 -1.4087
2384 82526 -0.221666 -20.9997 -1.58742
2384 82584 -0.575909 -20.2707 -1.61249
2384 82605 -0.860056 -20.6458 -1.56545
2384 82722 -0.503195 -20.3314 -1.33226
2384 82761 -0.388518 -20.4789 -1.56796
2384 82776 -0.0562353 -20.7453 -1.39943
2384 82779 -0.138805 -20.4619 -1.52094
2384 82808 -0.0170912 -20.3822 -1.42225
2384 82810 -0.0739827 -20.7906 -1.21814
2384 82860 -0.281374 -20.5027 -1.42666
2384 82950 0.494307 -18.9679 -1.51525
2384 82971 -0.202682 -20.2415 -1.73452
2384 83121 -0.640064 -20.8108 -1.4158
2384 83147 -0.558029 -20.4908 -1.50856
2384 83150 -0.0964963 -21.1489 -1.60686
2384 83178 -0.478216 -21.0504 -1.4496
2384 83219 -0.174315 -20.632 -1.32825
2384 83227 -0.0323193 -20.5419 -1.31759
2384 83271 0.50041 -20.6663 -1.4993
2384 83276 -0.739752 -20.7421 -1.41314
2384 83290 -0.723217 -20.1355 -1.64346
2384 83333 0.248567 -20.7027 -1.32854
2384 83365 0.153598 -20.2626 -1.53935
2384 83415 -0.469733 -20.6881 -1.70054
2384 83427 -0.276055 -20.6838 -1.5933
2384 83473 -0.154918 -20.5523 -1.44387
2384 83483 0.0735145 -20.7188 -1.5733
2384 83534 -0.259399 -20.307 -1.38773
2384 83538 -0.0819589 -20.7496 -1.4032
2384 83565 -0.567163 -20.6434 -1.39754
2384 83654 -0.71556 -20.4712 -1.56022
2384 83675 -0.103548 -20.6204 -1.46721
2384 83680 -0.324299 -20.6213 -1.42175
2384 83699 0.237504 -20.7373 -1.3853
2384 83733 -0.456896 -20.5995 -1.42693
2384 83763 -0.146507 -20.0181 -1.08207
2384 83782 0.346942 -20.6792 -1.52454
2384 83807 -0.180622 -20.6385 -1.49447
2384 83817 -0.487464 -21.3442 -1.62983
2384 83855 0.067791 -20.5412 -1.60617
2384 83870 -0.100222 -20.7073 -1.61054
2384 83893 -0.346444 -20.6868 -1.46045
2384 83900 -0.189947 -20.9931 -1.44653
2384 83915 -0.279539 -20.9334 -1.34663
2384 83957 -0.256219 -20.6166 -1.58705
2384 83983 -0.178205 -20.6379 -1.44617
2384 84147 0.548811 -20.5629 -1.44528
2384 84157 -0.288395 -20.9207 -1.62885
2384 84199 -0.424802 -20.3364 -1.47401
2384 84202 -0.385593 -20.3605 -1.58758
2384 84226 0.0370948 -20.37 -1.5319
2384 84245 -0.362415 -20.2213 -1.52839
2384 84255 -0.299065 -20.713 -1.52475
2384 84287 -0.193213 -20.7138 -1.57032
2384 84291 -0.553859 -20.8759 -1.5568
2384 84326 -0.751501 -20.6357 -1.39338
2384 84333 0.263877 -20.1288 -1.31185
2384 84340 -0.002852 -20.5897 -1.48175
2384 84433 -0.146657 -20.853 -1.47784
2384 84597 -0.384625 -20.8058 -1.26086
2384 84692 -0.323539 -20.6198 -1.50009
2384 84701 0.145356 -20.6422 -1.58159
2384 84702 -0.274812 -21.4337 -1.5231
2384 84738 -0.290423 -20.8858 -1.53552
2384 84754 -0.351378 -20.9868 -1.60265
2384 84791 0.653738 -20.2405 -1.59463
2384 84795 -0.223268 -20.1809 -1.48468
2384 84824 0.205046 -20.4136 -1.4751
2384 84829 -0.554779 -19.6664 -1.36197
2384 84935 0.260188 -20.4509 -1.49515
2384 84945 -0.168899 -20.8179 -1.64017
2384 84972 -0.372646 -20.3569 -1.48116
2384 85024 -0.0991007 -20.2781 -1.42169
2384 85094 0.523652 -20.624 -1.67858
2384 85102 -0.546194 -21.1012 -1.66456
2384 85129 -0.0937227 -20.8854 -1.42692
2384 85149 0.0759524 -20.7404 -1.48371
2384 85167 -0.205231 -20.2686 -1.46985
2384 85185 0.480713 -21.0818 -1.4955
2384 85220 -0.156175 -20.5465 -1.60068
2384 85235 -0.0169945 -20.8552 -1.6404
2384 85332 -0.383464 -20.9705 -1.44806
2384 85333 -0.109611 -21.0121 -1.51862
2384 85403 -0.314811 -20.2028 -1.82369
2384 85514 -0.77035 -20.2536 -1.62819
2384 85585 0.31325 -20.6478 -1.55532
2384 85633 0.0788014 -21.0898 -1.42878
2384 85657 -0.909105 -20.2178 -1.55758
2384 85671 -0.0771248 -20.1637 -1.53869
2384 85732 0.359824 -20.5714 -1.61154
2384 85767 0.00484582 -20.3766 -1.40435
2384 85772 -0.0131773 -20.9597 -1.36497
2384 85929 -0.450436 -21.1053 -1.5601
2384 86001 -0.0466786 -20.7254 -1.37022
2384 86018 0.492973 -20.3895 -1.57098
2384 86026 -0.526164 -20.3962 -1.35064
2384 86079 -0.338352 -20.3786 -1.46963
2384 86188 -0.091316 -20.7362 -1.42344
2384 86276 -0.0946465 -20.3771 -1.60959
2384 86322 -0.0461028 -20.8412 -1.54971
2384 86324 -0.756235 -21.1722 -1.85375
2384 86359 -0.598693 -20.5642 -1.37529
2384 86392 -0.181695 -20.8611 -1.45948
2384 86530 -0.154019 -20.8166 -1.44658
2384 86540 -0.581676 -20.4571 -1.53181
2384 86553 -0.972691 -20.7766 -1.58869
2384 86609 0.187804 -20.88 -1.51603
2384 86763 -0.4214 -20.2817 -1.53706
2384 86865 -0.100609 -20.5552 -1.42736
2384 87029 -0.0975382 -20.6755 -1.50096
2384 87044 0.0604918 -20.5362 -1.46945
2384 87050 -0.0352286 -20.5366 -1.4697
2384 87103 0.188728 -21.293 -1.63173
2384 87141 -0.281203 -20.3451 -1.56382
2384 87233 0.0160334 -20.3585 -1.52738
2384 87270 0.119003 -20.3441 -1.50117
2384 87370 -0.214574 -20.6186 -1.4469
2384 87388 0.588496 -20.2488 -1.55325
2384 87472 0.045453 -20.5796 -1.6257
2384 87630 0.157927 -20.4304 -1.37756
2384 87633 -0.14971 -20.6865 -1.47734
2384 87636 -0.0968952 -21.0408 -1.5948
2384 87654 0.0180724 -20.9959 -1.54862
2384 87656 -0.33827 -20.6192 -1.30214
2384 87746 0.0713877 -20.5711 -1.50308
2384 87891 -0.0476941 -20.6099 -1.48509
2384 87920 -0.270458 -20.4743 -1.4602
2384 87931 -0.441069 -19.8443 -1.47234
2384 87941 -0.347179 -20.2094 -1.50009
2384 87969 0.27135 -20.0999 -1.53018
2384 87971 -0.432016 -20.2502 -1.47288
2384 88017 -0.660949 -21.4402 -1.57705
2384 88028 -0.445153 -20.4649 -1.32974
2384 88036 0.109189 -21.0348 -1.23604
2384 88057 -0.697118 -20.0943 -1.38929
2384 88097 -0.639855 -21.2821 -1.44301
2384 88098 0.237768 -20.5928 -1.47417
2384 88110 -0.168871 -20.1932 -1.51972
2384 88211 0.0511465 -19.6509 -1.53505
2384 88218 0.150475 -20.8552 -1.37238
2384 88393 0.272868 -20.1368 -1.34769
2384 88408 -0.179338 -20.3782 -1.57836
2384 88489 -0.533897 -20.4154 -1.57531
2384 88510 -0.27024 -20.6663 -1.56092
2384 88626 -0.0597944 -20.1583 -1.47735
2384 88657 -0.839682 -20.452 -1.39259
2384 88662 -0.0391259 -20.7418 -1.59064
2384 88705 -0.201073 -20.0316 -1.40796
2384 88756 0.0236387 -20.5115 -1.51632
2384 88761 0.071474 -20.52 -1.37383
2384 88878 -0.563878 -20.6 -1.46918
2384 88895 -0.656238 -20.8 -1.4511
2384 88897 -0.0778502 -20.5053 -1.5677
2384 88900 0.22089 -20.6926 -1.66868
2384 88954 0.216446 -20.279 -1.52777
2384 89012 -0.286509 -20.7454 -1.63309
2384 89023 0.22152 -20.5132 -1.3989
2384 89062 0.193884 -20.5292 -1.54684
2384 89145 -0.120036 -20.4502 -1.37789
2384 89222 -0.313876 -20.3716 -1.71598
2384 89297 -0.249679 -20.4994 -1.33796
2384 89306 -0.0413144 -20.4984 -1.54335
2384 89311 -0.455308 -21.0669 -1.40425
2384 89338 -0.324709 -20.4733 -1.32908
2384 89359 -0.550369 -20.5874 -1.15698
2384 89360 -0.0465712 -21.0705 -1.42532
2384 89480 -0.166411 -20.6686 -1.39677
2384 89534 -0.0163066 -20.6301 -1.52216
2384 89551 -0.291773 -20.5152 -1.44846
2384 89555 -0.0677285 -20.9733 -1.44511
2384 89583 0.136512 -20.3888 -1.53359
2384 89606 -0.0925694 -21.0194 -1.64503
2384 89623 -0.612812 -20.7013 -1.49674
2384 89661 -0.972196 -20.9259 -1.5
2384 89669 -0.536642 -20.4437 -1.48496
2384 89693 -0.248959 -20.6392 -1.65355
2384 89731 0.303108 -20.3084 -1.42492
2384 89747 -0.338004 -21.1461 -1.54349
2384 89811 -0.40025 -20.3151 -1.47665
2384 89871 -0.352121 -20.2094 -1.42766
2384 89951 0.473748 -20.7216 -1.5277
2384 90030 -0.74513 -21.2112 -1.61404
2384 90077 -0.20854 -20.3763 -1.57715
2384 90140 -0.243311 -20.0954 -1.41783
2384 90182 0.529109 -19.7125 -1.66838
2384 90188 0.10526 -20.9968 -1.53045
2384 90190 0.128542 -21.0855 -1.66573
2384 90233 -0.207156 -19.6147 -1.46439
2384 90249 -0.0635009 -20.7304 -1.51082
2384 90337 0.304835 -20.2959 -1.52329
2384 90354 -0.0384122 -20.8929 -1.42774
2384 90356 -0.817139 -20.867 -1.54999
2384 90449 -0.157829 -20.8119 -1.51731
2384 90464 -0.762881 -20.3122 -1.52031
2384 90539 -0.0845077 -20.0662 -1.56815
2384 90551 -0.293395 -20.9999 -1.38651
2384 90552 -0.0407319 -20.4489 -1.67546
2384 90554 0.117137 -20.4988 -1.43223
2384 90589 0.475127 -20.6384 -1.70963
2384 90627 -0.575716 -20.704 -1.47831
2384 90646 -0.463403 -21.5885 -1.4786
2384 90672 -0.325352 -20.295 -1.52208
2384 90704 -0.221827 -20.7312 -1.52591
2384 90718 -0.456595 -20.5 -1.35047
2384 90789 -0.356264 -20.6229 -1.44102
2384 90893 0.223059 -20.0953 -1.51516
2384 91067 0.224664 -20.3265 -1.2316
2384 91092 0.336224 -20.8126 -1.55844
2384 91161 -0.600686 -19.918 -1.45596
2384 91163 -0.0250602 -20.8366 -1.47687
2384 91306 0.100204 -20.3099 -1.38849
2384 91311 0.511354 -20.5511 -1.51091
2384 91337 -0.325991 -20.545 -1.43828
2384 91449 -0.551894 -20.3577 -1.30164
2384 91453 -0.0864446 -20.9262 -1.47006
2384 91564 -1.0617 -20.296 -1.50847
2384 91643 -0.323627 -21.5595 -1.54055
2384 91702 -0.433767 -20.5925 -1.75539
2384 91710 -0.335416 -20.5781 -1.38282
2384 91717 0.310107 -20.7306 -1.74695
2384 91744 -0.388154 -21.0834 -1.33184
2384 91748 -0.121451 -20.1321 -1.45677
2384 91817 0.289422 -21.1102 -1.55307
2384 91869 -0.386844 -20.5938 -1.38858
2384 91985 0.0528325 -20.1003 -1.45403
2384 92014 -0.241686 -20.3996 -1.42627
2384 92024 -0.190417 -20.529 -1.45249
2384 92067 -0.245254 -20.8742 -1.46728
2384 92109 0.289292 -20.3307 -1.57723
2384 92114 0.269609 -20.5786 -1.37989
2384 92128 -0.41631 -20.7642 -1.59659
2384 92306 -0.435885 -20.3912 -1.45001
2384 92311 0.156866 -20.3136 -1.51136
2384 92343 -0.319879 -20.4098 -1.54376
2384 92370 -0.000817238 -20.2833 -1.41118
2384 92499 0.381597 -20.6414 -1.4819
2384 92598 -0.251067 -20.2462 -1.48236
2384 92604 0.096466 -20.8548 -1.49209
2384 92665 0.68833 -21.3653 -1.46448
2384 92691 0.0980694 -20.4624 -1.52648
2384 92693 -0.650512 -20.786 -1.45412
2384 92714 0.0886992 -20.4837 -1.48581
2384 92723 0.248676 -19.9437 -1.46707
2384 92770 0.4416 -19.9695 -1.65187
2384 92783 0.321764 -20.6287 -1.30629
2384 92827 -0.608581 -20.4678 -1.3911
2384 92841 -0.0834483 -20.3415 -1.44304
2384 92872 -0.285822 -20.4933 -1.66915
2384 92879 -0.0988212 -20.6326 -1.5376
2384 92926 -0.367874 -20.0699 -1.53837
2384 92946 -0.166011 -20.7288 -1.41886
2384 92956 0.358712 -19.9807 -1.61046
2384 93019 -0.225161 -19.9618 -1.49626
2384 93037 0.135847 -20.1737 -1.3941
2384 93101 -0.0534625 -20.401 -1.27344
2384 93112 0.0710784 -21.5267 -1.60256
2384 93140 -0.178397 -20.7122 -1.56433
2384 93209 0.0920056 -20.6493 -1.44177
2384 93211 -0.439651 -20.2024 -1.55161
2384 93226 -0.419758 -19.8081 -1.38091
2384 93256 0.00644905 -20.3628 -1.55654
2384 93278 -0.303929 -21.2284 -1.53123
2384 93323 0.161404 -20.7527 -1.3282
2384 93340 -0.215745 -20.6577 -1.46773
2384 93343 -0.216391 -20.7739 -1.44276
2384 93363 -0.670949 -20.3732 -1.71423
2384 93383 -0.110289 -20.7105 -1.63362
2384 93391 -0.0179237 -20.5524 -1.3112
2384 93426 -0.0625081 -20.2423 -1.61845
2384 93475 -0.401629 -20.339 -1.56179
2384 93497 -0.604075 -21.3658 -1.58628
2384 93547 -0.0784742 -20.6501 -1.34627
2384 93576 -0.289214 -20.1347 -1.43907
2384 93590 -0.638704 -20.3214 -1.53915
2384 93637 -0.0132166 -20.3708 -1.52812
2384 93652 -0.196332 -21.019 -1.47294
2384 93663 -0.999546 -20.9059 -1.52814
2384 93673 0.00467038 -20.3402 -1.6692
2384 93739 0.447074 -20.9378 -1.51587
2384 93744 -0.0951805 -20.6409 -1.63299
2384 93953 -0.0192867 -20.4431 -1.43585
2384 93972 0.324076 -20.0103 -1.612
2384 94009 -0.579487 -21.0511 -1.38686
2384 94025 -0.952591 -20.5353 -1.66345
2384 94050 0.179309 -20.6569 -1.37583
2384 94054 0.288973 -20.183 -1.46597
2384 94056 0.146398 -20.5612 -1.38113
2384 94088 -0.744576 -20.1319 -1.51101
2384 94145 -0.337766 -20.0105 -1.69185
2384 94159 -0.0649932 -20.5448 -1.51451
2384 94172 0.183085 -20.1569 -1.41388
2384 94204 0.578352 -20.719 -1.4636
2384 94207 -0.578431 -21.1001 -1.53518
2384 94210 -0.0877401 -20.8729 -1.37131
2384 94245 0.385668 -20.4033 -1.43689
2384 94257 -0.071015 -21.2695 -1.48911
2384 94485 -0.336678 -20.1929 -1.54301
2384 94539 -0.265022 -21.2996 -1.56315
2384 94574 -0.113896 -20.2663 -1.48805
2384 94629 -0.435304 -20.6641 -1.63883
2384 94676 -0.240323 -19.9886 -1.49602
2384 94684 -0.844598 -21.3263 -1.46147
2384 94689 -0.307213 -20.6885 -1.73071
2384 94690 -0.541544 -20.4917 -1.50146
2384 94699 -0.722654 -20.1103 -1.53874
2384 94716 -0.227531 -20.8699 -1.60948
2384 94732 -0.557991 -20.9766 -1.64929
2384 94752 -0.0947765 -20.5379 -1.44162
2384 94796 0.191102 -19.9934 -1.35322
2384 94891 -0.361468 -20.928 -1.47952
2384 94915 -0.0055017 -20.6856 -1.39083
2384 94992 -0.555385 -20.5651 -1.57744
2384 95023 -0.40823 -20.8075 -1.33298
2384 95047 -0.301788 -20.2823 -1.37751
2384 95091 -0.503568 -20.2319 -1.79014
2384 95103 -0.399593 -20.5803 -1.38885
2384 95113 0.0972758 -20.0469 -1.5438
2384 95133 -0.22153 -21.3806 -1.38042
2384 95244 -0.081721 -20.3526 -1.50537
2384 95354 -0.275956 -21.0433 -1.42919
2384 95363 0.340814 -20.8397 -1.50348
2384 95400 -0.575965 -20.7126 -1.32279
2384 95416 -0.302039 -20.873 -1.31608
2384 95423 -0.462178 -20.9892 -1.49202
2384 95451 0.314768 -20.1043 -1.54606
2384 95481 -0.129172 -20.9338 -1.36717
2384 95561 0.118595 -21.0562 -1.60735
2384 95627 0.91588 -21.4911 -1.43725
2384 95630 -0.339863 -20.8425 -1.47837
2384 95641 0.291627 -20.1883 -1.45023
2384 95657 -0.70043 -20.5311 -1.42681
2384 95760 -0.294615 -20.5932 -1.4527
2384 95768 0.167643 -20.436 -1.40002
2384 95776 0.21198 -21.0234 -1.62416
2384 95818 0.0622583 -21.5013 -1.63172
2384 95823 0.252937 -20.4055 -1.47756
2384 95855 -0.532644 -19.6318 -1.54463
2384 95859 -0.571533 -20.6485 -1.37705
2384 95879 -0.385569 -20.3054 -1.48217
2384 95921 -0.189271 -20.6712 -1.45438
2384 95932 -0.141505 -20.92 -1.59846
2384 95942 0.0377102 -20.5093 -1.57005
2384 96069 -0.546902 -20.3853 -1.70799
2384 96076 -0.365796 -20.9415 -1.55917
2384 96093 -0.486609 -20.7875 -1.14004
2384 96231 0.232475 -20.7316 -1.54783
2384 96257 -0.180021 -20.5869 -1.4769
2384 96275 -0.0901101 -20.9349 -1.42294
2384 96317 0.212238 -20.7902 -1.57226
2384 96338 0.240275 -21.9009 -1.43135
2384 96367 -0.385103 -20.7833 -1.74173
2384 96389 0.151555 -20.1058 -1.35589
2384 96427 -0.19969 -20.1278 -1.63984
2384 96446 -0.138315 -20.4567 -1.59554
2384 96454 -0.047205 -20.8177 -1.50291
2384 96456 0.323594 -20.6893 -1.56611
2384 96559 -0.221785 -20.7923 -1.41553
2384 96560 -0.233425 -20.6171 -1.48755
2384 96570 -0.552265 -20.7587 -1.59588
2384 96581 0.104976 -20.4382 -1.44622
2384 96593 0.0615642 -20.5586 -1.36103
2384 96650 -0.352415 -20.6431 -1.55403
